0 0 30 0 0.05
1 0 12 12 0 128 0 0
2 0 12 11 0 128 0 0
3 0 12 11 0 128 0 0
4 0 12 9 0 128 0 0
5 0 12 6 0 128 0 0
6 0 12 5 0 128 0 0
7 0 11 4 0 128 0 0
8 0 11 3 0 128 0 0
9 0 11 2 0 128 0 0
10 0 13 1 0 128 0 0
11 0 15 1 0 128 0 0
12 0 14 2 0 128 0 0
13 0 18 2 0 128 0 0
14 0 23 3 0 128 0 0
15 0 25 3 0 128 0 0
16 0 28 3 0 128 0 0
17 0 29 4 0 128 0 0
18 0 30 5 0 128 0 0
19 0 32 5 0 128 0 0
20 0 32 5 0 128 0 0
21 0 30 6 0 128 0 0
22 0 30 6 0 128 0 0
23 0 30 5 0 128 0 0
24 0 30 5 0 128 0 0
25 0 32 4 0 128 0 0
26 0 32 3 0 128 0 0
27 0 32 2 0 128 0 0
28 0 32 2 0 128 0 0
29 0 32 2 0 128 0 0
30 0 34 0 0 128 0 0
31 0 33 1 0 128 0 0
32 0 32 2 2 128 0 0
33 0 30 3 3 128 0 0
34 0 31 3 4 128 0 0
35 0 32 3 5 128 0 0
36 0 32 3 7 128 0 0
37 0 30 4 8 128 0 0
38 0 29 4 9 128 0 0
39 0 33 4 9 128 0 0
40 0 32 3 10 128 0 0
41 0 31 2 11 128 0 0
42 0 29 2 12 128 0 0
43 0 27 2 14 128 0 0
44 0 26 2 15 128 0 0
45 0 25 3 15 128 0 0
46 0 23 3 16 128 0 0
47 0 23 3 16 128 0 0
48 0 21 4 17 128 0 0
49 0 22 4 18 128 0 0
50 0 24 4 18 128 0 0
51 0 24 3 20 128 0 0
52 0 22 3 22 128 0 0
53 0 22 3 22 128 0 0
54 0 19 4 23 128 0 0
55 0 20 4 23 128 0 0
56 0 19 4 24 128 0 0
57 0 17 4 25 128 0 0
58 0 16 4 25 128 0 0
59 0 16 4 25 128 0 0
60 0 17 5 25 128 0 0
61 0 17 5 25 128 0 0
62 0 17 5 25 128 0 0
63 0 19 3 25 128 0 0
64 0 19 2 27 128 0 0
65 0 17 2 29 128 0 0
66 0 19 1 30 128 0 0
67 0 18 1 31 128 0 0
68 0 17 1 32 128 0 0
69 0 17 0 32 128 0 0
70 0 17 0 32 128 0 0
71 0 17 0 32 128 0 0
72 0 21 0 32 128 0 0
73 0 22 0 33 128 0 0
74 0 20 1 34 128 0 0
75 0 18 1 36 128 0 0
76 0 17 1 37 128 0 0
77 0 16 1 38 128 0 0
78 0 17 1 39 128 0 0
79 0 15 2 40 128 0 0
80 0 15 2 40 128 0 0
81 0 15 2 40 128 0 0
82 0 14 2 41 128 0 0
83 0 14 1 41 128 0 0
84 0 14 1 41 128 0 0
85 0 14 1 41 128 0 0
86 0 14 1 41 128 0 0
87 0 13 1 42 128 0 0
88 0 13 0 42 128 0 0
89 0 13 0 42 128 0 0
90 0 10 0 45 128 0 0
91 0 7 0 48 128 0 0
92 0 9 0 48 128 0 0
93 0 9 0 48 128 0 0
94 0 8 0 49 128 0 0
95 0 8 0 49 128 0 0
96 0 8 0 49 128 0 0
97 0 10 0 49 128 0 0
98 0 9 0 50 128 0 0
99 0 9 0 50 128 0 0
100 0 9 0 50 128 0 0
101 0 9 0 50 128 0 0
102 0 9 0 50 128 0 0
103 0 9 0 50 128 0 0
104 0 9 0 50 128 0 0
105 0 8 0 51 128 0 0
106 0 8 0 51 128 0 0
107 0 8 0 51 128 0 0
108 0 8 0 51 128 0 0
109 0 8 0 51 128 0 0
110 0 6 0 53 128 0 0
111 0 6 0 53 128 0 0
112 0 6 0 53 128 0 0
113 0 6 0 53 128 0 0
114 0 6 0 53 128 0 0
115 0 6 0 53 128 0 0
116 0 6 0 53 128 0 0
117 0 6 0 53 128 0 0
118 0 6 0 53 128 0 0
119 0 6 0 53 128 0 0
120 0 6 0 53 128 0 0
121 0 5 0 54 128 0 0
122 0 4 0 55 128 0 0
123 0 4 0 55 128 0 0
124 0 4 0 55 128 0 0
125 0 4 0 55 128 0 0
126 0 3 0 56 128 0 0
127 0 3 0 56 128 0 0
128 0 3 0 56 128 0 0
129 0 3 0 56 128 0 0
130 0 3 0 56 128 0 0
131 0 3 0 56 128 0 0
132 0 3 0 56 128 0 0
133 0 3 0 56 128 0 0
134 0 3 0 56 128 0 0
135 0 3 0 56 128 0 0
136 0 3 0 56 128 0 0
137 0 3 0 56 128 0 0
138 0 3 0 56 128 0 0
139 0 3 0 56 128 0 0
140 0 3 0 56 128 0 0
141 0 3 0 56 128 0 0
142 0 3 0 56 128 0 0
143 0 3 0 56 128 0 0
144 0 3 0 56 128 0 0
145 0 3 0 56 128 0 0
146 0 3 0 56 128 0 0
147 0 3 0 56 128 0 0
148 0 3 0 56 128 0 0
149 0 3 0 56 128 0 0
150 0 3 0 56 128 0 0
151 0 3 0 56 128 0 0
152 0 3 0 56 128 0 0
153 0 3 0 56 128 0 0
154 0 3 0 56 128 0 0
155 0 3 0 56 128 0 0
156 0 3 0 56 128 0 0
157 0 2 0 57 128 0 0
158 0 2 0 57 128 0 0
159 0 2 0 57 128 0 0
160 0 2 0 57 128 0 0
161 0 1 0 58 128 0 0
162 0 1 0 58 128 0 0
163 0 1 0 58 128 0 0
164 0 1 0 58 128 0 0
165 0 1 0 58 128 0 0
166 0 1 0 58 128 0 0
167 0 1 0 58 128 0 0
168 0 1 0 58 128 0 0
169 0 1 0 58 128 0 0
170 0 1 0 58 128 0 0
171 0 0 0 59 128 0 0
172 0 0 0 59 128 0 0
173 0 0 0 59 128 0 0
174 0 0 0 59 128 0 0
175 0 0 0 59 128 0 0
176 0 0 0 59 128 0 0
177 0 0 0 59 128 0 0
178 0 0 0 59 128 0 0
179 0 0 0 59 128 0 0
180 0 0 0 59 128 0 0
181 0 0 0 59 128 0 0
182 0 0 0 59 128 0 0
183 0 0 0 59 128 0 0
184 0 0 0 59 128 0 0
185 0 0 0 59 128 0 0
186 0 0 0 59 128 0 0
187 0 0 0 59 128 0 0
188 0 0 0 59 128 0 0
189 0 0 0 59 128 0 0
190 0 0 0 59 128 0 0
191 0 0 0 59 128 0 0
192 0 0 0 59 128 0 0
193 0 0 0 59 128 0 0
194 0 0 0 59 128 0 0
195 0 0 0 59 128 0 0
196 0 0 0 59 128 0 0
197 0 0 0 59 128 0 0
198 0 0 0 59 128 0 0
199 0 0 0 59 128 0 0
200 0 0 0 59 128 0 0
201 0 0 0 59 128 0 0
202 0 0 0 59 128 0 0
203 0 0 0 59 128 0 0
204 0 0 0 59 128 0 0
205 0 0 0 59 128 0 0
206 0 0 0 59 128 0 0
207 0 0 0 59 128 0 0
208 0 0 0 59 128 0 0
209 0 0 0 59 128 0 0
210 0 0 0 59 128 0 0
211 0 0 0 59 128 0 0
212 0 0 0 59 128 0 0
213 0 0 0 59 128 0 0
214 0 0 0 59 128 0 0
215 0 0 0 59 128 0 0
216 0 0 0 59 128 0 0
217 0 0 0 59 128 0 0
218 0 0 0 59 128 0 0
219 0 0 0 59 128 0 0
220 0 0 0 59 128 0 0
221 0 0 0 59 128 0 0
222 0 0 0 59 128 0 0
223 0 0 0 59 128 0 0
224 0 0 0 59 128 0 0
225 0 0 0 59 128 0 0
226 0 0 0 59 128 0 0
227 0 0 0 59 128 0 0
228 0 0 0 59 128 0 0
229 0 0 0 59 128 0 0
230 0 0 0 59 128 0 0
231 0 0 0 59 128 0 0
232 0 0 0 59 128 0 0
233 0 0 0 59 128 0 0
234 0 0 0 59 128 0 0
235 0 0 0 59 128 0 0
236 0 0 0 59 128 0 0
237 0 0 0 59 128 0 0
238 0 0 0 59 128 0 0
239 0 0 0 59 128 0 0
240 0 0 0 59 128 0 0
241 0 0 0 59 128 0 0
242 0 0 0 59 128 0 0
243 0 0 0 59 128 0 0
244 0 0 0 59 128 0 0
245 0 0 0 59 128 0 0
246 0 0 0 59 128 0 0
247 0 0 0 59 128 0 0
248 0 0 0 59 128 0 0
249 0 0 0 59 128 0 0
250 0 0 0 59 128 0 0
251 0 0 0 59 128 0 0
252 0 0 0 59 128 0 0
253 0 0 0 59 128 0 0
254 0 0 0 59 128 0 0
255 0 0 0 59 128 0 0
256 0 0 0 59 128 0 0
257 0 0 0 59 128 0 0
258 0 0 0 59 128 0 0
259 0 0 0 59 128 0 0
260 0 0 0 59 128 0 0
261 0 0 0 59 128 0 0
262 0 0 0 59 128 0 0
263 0 0 0 59 128 0 0
264 0 0 0 59 128 0 0
265 0 0 0 59 128 0 0
266 0 0 0 59 128 0 0
267 0 0 0 59 128 0 0
268 0 0 0 59 128 0 0
269 0 0 0 59 128 0 0
270 0 0 0 59 128 0 0
271 0 0 0 59 128 0 0
272 0 0 0 59 128 0 0
273 0 0 0 59 128 0 0
274 0 0 0 59 128 0 0
275 0 0 0 59 128 0 0
276 0 0 0 59 128 0 0
277 0 0 0 59 128 0 0
278 0 0 0 59 128 0 0
279 0 0 0 59 128 0 0
280 0 0 0 59 128 0 0
281 0 0 0 59 128 0 0
282 0 0 0 59 128 0 0
283 0 0 0 59 128 0 0
284 0 0 0 59 128 0 0
285 0 0 0 59 128 0 0
286 0 0 0 59 128 0 0
287 0 0 0 59 128 0 0
288 0 0 0 59 128 0 0
289 0 0 0 59 128 0 0
290 0 0 0 59 128 0 0
291 0 0 0 59 128 0 0
292 0 0 0 59 128 0 0
293 0 0 0 59 128 0 0
294 0 0 0 59 128 0 0
295 0 0 0 59 128 0 0
296 0 0 0 59 128 0 0
297 0 0 0 59 128 0 0
298 0 0 0 59 128 0 0
299 0 0 0 59 128 0 0
300 0 0 0 59 128 0 0
301 0 0 0 59 128 0 0
302 0 0 0 59 128 0 0
303 0 0 0 59 128 0 0
304 0 0 0 59 128 0 0
305 0 0 0 59 128 0 0
306 0 0 0 59 128 0 0
307 0 0 0 59 128 0 0
308 0 0 0 59 128 0 0
309 0 0 0 59 128 0 0
310 0 0 0 59 128 0 0
311 0 0 0 59 128 0 0
312 0 0 0 59 128 0 0
313 0 0 0 59 128 0 0
314 0 0 0 59 128 0 0
315 0 0 0 59 128 0 0
316 0 0 0 59 128 0 0
317 0 0 0 59 128 0 0
318 0 0 0 59 128 0 0
319 0 0 0 59 128 0 0
320 0 0 0 59 128 0 0
321 0 0 0 59 128 0 0
322 0 0 0 59 128 0 0
323 0 0 0 59 128 0 0
324 0 0 0 59 128 0 0
325 0 0 0 59 128 0 0
326 0 0 0 59 128 0 0
327 0 0 0 59 128 0 0
328 0 0 0 59 128 0 0
329 0 0 0 59 128 0 0
330 0 0 0 59 128 0 0
331 0 0 0 59 128 0 0
332 0 0 0 59 128 0 0
333 0 0 0 59 128 0 0
334 0 0 0 59 128 0 0
335 0 0 0 59 128 0 0
336 0 0 0 59 128 0 0
337 0 0 0 59 128 0 0
338 0 0 0 59 128 0 0
339 0 0 0 59 128 0 0
340 0 0 0 59 128 0 0
341 0 0 0 59 128 0 0
342 0 0 0 59 128 0 0
343 0 0 0 59 128 0 0
344 0 0 0 59 128 0 0
345 0 0 0 59 128 0 0
346 0 0 0 59 128 0 0
347 0 0 0 59 128 0 0
348 0 0 0 59 128 0 0
349 0 0 0 59 128 0 0
350 0 0 0 59 128 0 0
351 0 0 0 59 128 0 0
352 0 0 0 59 128 0 0
353 0 0 0 59 128 0 0
354 0 0 0 59 128 0 0
355 0 0 0 59 128 0 0
356 0 0 0 59 128 0 0
357 0 0 0 59 128 0 0
358 0 0 0 59 128 0 0
359 0 0 0 59 128 0 0
360 0 0 0 59 128 0 0
361 0 0 0 59 128 0 0
362 0 0 0 59 128 0 0
363 0 0 0 59 128 0 0
364 0 0 0 59 128 0 0
365 0 0 0 59 128 0 0
366 0 0 0 59 128 0 0
367 0 0 0 59 128 0 0
368 0 0 0 59 128 0 0
369 0 0 0 59 128 0 0
370 0 0 0 59 128 0 0
371 0 0 0 59 128 0 0
372 0 0 0 59 128 0 0
373 0 0 0 59 128 0 0
374 0 0 0 59 128 0 0
375 0 0 0 59 128 0 0
376 0 0 0 59 128 0 0
377 0 0 0 59 128 0 0
378 0 0 0 59 128 0 0
379 0 0 0 59 128 0 0
380 0 0 0 59 128 0 0
381 0 0 0 59 128 0 0
382 0 0 0 59 128 0 0
383 0 0 0 59 128 0 0
384 0 0 0 59 128 0 0
385 0 0 0 59 128 0 0
386 0 0 0 59 128 0 0
387 0 0 0 59 128 0 0
388 0 0 0 59 128 0 0
389 0 0 0 59 128 0 0
390 0 0 0 59 128 0 0
391 0 0 0 59 128 0 0
392 0 0 0 59 128 0 0
393 0 0 0 59 128 0 0
394 0 0 0 59 128 0 0
395 0 0 0 59 128 0 0
396 0 0 0 59 128 0 0
397 0 0 0 59 128 0 0
398 0 0 0 59 128 0 0
399 0 0 0 59 128 0 0
400 0 0 0 59 128 0 0
401 0 0 0 59 128 0 0
402 0 0 0 59 128 0 0
403 0 0 0 59 128 0 0
404 0 0 0 59 128 0 0
405 0 0 0 59 128 0 0
406 0 0 0 59 128 0 0
407 0 0 0 59 128 0 0
408 0 0 0 59 128 0 0
409 0 0 0 59 128 0 0
410 0 0 0 59 128 0 0
411 0 0 0 59 128 0 0
412 0 0 0 59 128 0 0
413 0 0 0 59 128 0 0
414 0 0 0 59 128 0 0
415 0 0 0 59 128 0 0
416 0 0 0 59 128 0 0
417 0 0 0 59 128 0 0
418 0 0 0 59 128 0 0
419 0 0 0 59 128 0 0
420 0 0 0 59 128 0 0
421 0 0 0 59 128 0 0
422 0 0 0 59 128 0 0
423 0 0 0 59 128 0 0
424 0 0 0 59 128 0 0
425 0 0 0 59 128 0 0
426 0 0 0 59 128 0 0
427 0 0 0 59 128 0 0
428 0 0 0 59 128 0 0
429 0 0 0 59 128 0 0
430 0 0 0 59 128 0 0
431 0 0 0 59 128 0 0
432 0 0 0 59 128 0 0
433 0 0 0 59 128 0 0
434 0 0 0 59 128 0 0
435 0 0 0 59 128 0 0
436 0 0 0 59 128 0 0
437 0 0 0 59 128 0 0
438 0 0 0 59 128 0 0
439 0 0 0 59 128 0 0
440 0 0 0 59 128 0 0
441 0 0 0 59 128 0 0
442 0 0 0 59 128 0 0
443 0 0 0 59 128 0 0
444 0 0 0 59 128 0 0
445 0 0 0 59 128 0 0
446 0 0 0 59 128 0 0
447 0 0 0 59 128 0 0
448 0 0 0 59 128 0 0
449 0 0 0 59 128 0 0
450 0 0 0 59 128 0 0
451 0 0 0 59 128 0 0
452 0 0 0 59 128 0 0
453 0 0 0 59 128 0 0
454 0 0 0 59 128 0 0
455 0 0 0 59 128 0 0
456 0 0 0 59 128 0 0
457 0 0 0 59 128 0 0
458 0 0 0 59 128 0 0
459 0 0 0 59 128 0 0
460 0 0 0 59 128 0 0
461 0 0 0 59 128 0 0
462 0 0 0 59 128 0 0
463 0 0 0 59 128 0 0
464 0 0 0 59 128 0 0
465 0 0 0 59 128 0 0
466 0 0 0 59 128 0 0
467 0 0 0 59 128 0 0
468 0 0 0 59 128 0 0
469 0 0 0 59 128 0 0
470 0 0 0 59 128 0 0
471 0 0 0 59 128 0 0
472 0 0 0 59 128 0 0
473 0 0 0 59 128 0 0
474 0 0 0 59 128 0 0
475 0 0 0 59 128 0 0
476 0 0 0 59 128 0 0
477 0 0 0 59 128 0 0
478 0 0 0 59 128 0 0
479 0 0 0 59 128 0 0
480 0 0 0 59 128 0 0
481 0 0 0 59 128 0 0
482 0 0 0 59 128 0 0
483 0 0 0 59 128 0 0
484 0 0 0 59 128 0 0
485 0 0 0 59 128 0 0
486 0 0 0 59 128 0 0
487 0 0 0 59 128 0 0
488 0 0 0 59 128 0 0
489 0 0 0 59 128 0 0
490 0 0 0 59 128 0 0
491 0 0 0 59 128 0 0
492 0 0 0 59 128 0 0
493 0 0 0 59 128 0 0
494 0 0 0 59 128 0 0
495 0 0 0 59 128 0 0
496 0 0 0 59 128 0 0
497 0 0 0 59 128 0 0
498 0 0 0 59 128 0 0
499 0 0 0 59 128 0 0
500 0 0 0 59 128 0 0
501 0 0 0 59 128 0 0
502 0 0 0 59 128 0 0
503 0 0 0 59 128 0 0
504 0 0 0 59 128 0 0
505 0 0 0 59 128 0 0
506 0 0 0 59 128 0 0
507 0 0 0 59 128 0 0
508 0 0 0 59 128 0 0
509 0 0 0 59 128 0 0
510 0 0 0 59 128 0 0
511 0 0 0 59 128 0 0
512 0 0 0 59 128 0 0
513 0 0 0 59 128 0 0
514 0 0 0 59 128 0 0
515 0 0 0 59 128 0 0
516 0 0 0 59 128 0 0
517 0 0 0 59 128 0 0
518 0 0 0 59 128 0 0
519 0 0 0 59 128 0 0
520 0 0 0 59 128 0 0
521 0 0 0 59 128 0 0
522 0 0 0 59 128 0 0
523 0 0 0 59 128 0 0
524 0 0 0 59 128 0 0
525 0 0 0 59 128 0 0
526 0 0 0 59 128 0 0
527 0 0 0 59 128 0 0
528 0 0 0 59 128 0 0
529 0 0 0 59 128 0 0
530 0 0 0 59 128 0 0
531 0 0 0 59 128 0 0
532 0 0 0 59 128 0 0
533 0 0 0 59 128 0 0
534 0 0 0 59 128 0 0
535 0 0 0 59 128 0 0
536 0 0 0 59 128 0 0
537 0 0 0 59 128 0 0
538 0 0 0 59 128 0 0
539 0 0 0 59 128 0 0
540 0 0 0 59 128 0 0
541 0 0 0 59 128 0 0
542 0 0 0 59 128 0 0
543 0 0 0 59 128 0 0
544 0 0 0 59 128 0 0
545 0 0 0 59 128 0 0
546 0 0 0 59 128 0 0
547 0 0 0 59 128 0 0
548 0 0 0 59 128 0 0
549 0 0 0 59 128 0 0
550 0 0 0 59 128 0 0
551 0 0 0 59 128 0 0
552 0 0 0 59 128 0 0
553 0 0 0 59 128 0 0
554 0 0 0 59 128 0 0
555 0 0 0 59 128 0 0
556 0 0 0 59 128 0 0
557 0 0 0 59 128 0 0
558 0 0 0 59 128 0 0
559 0 0 0 59 128 0 0
560 0 0 0 59 128 0 0
561 0 0 0 59 128 0 0
562 0 0 0 59 128 0 0
563 0 0 0 59 128 0 0
564 0 0 0 59 128 0 0
565 0 0 0 59 128 0 0
566 0 0 0 59 128 0 0
567 0 0 0 59 128 0 0
568 0 0 0 59 128 0 0
569 0 0 0 59 128 0 0
570 0 0 0 59 128 0 0
571 0 0 0 59 128 0 0
572 0 0 0 59 128 0 0
573 0 0 0 59 128 0 0
574 0 0 0 59 128 0 0
575 0 0 0 59 128 0 0
576 0 0 0 59 128 0 0
577 0 0 0 59 128 0 0
578 0 0 0 59 128 0 0
579 0 0 0 59 128 0 0
580 0 0 0 59 128 0 0
581 0 0 0 59 128 0 0
582 0 0 0 59 128 0 0
583 0 0 0 59 128 0 0
584 0 0 0 59 128 0 0
585 0 0 0 59 128 0 0
586 0 0 0 59 128 0 0
587 0 0 0 59 128 0 0
588 0 0 0 59 128 0 0
589 0 0 0 59 128 0 0
590 0 0 0 59 128 0 0
591 0 0 0 59 128 0 0
592 0 0 0 59 128 0 0
593 0 0 0 59 128 0 0
594 0 0 0 59 128 0 0
595 0 0 0 59 128 0 0
596 0 0 0 59 128 0 0
597 0 0 0 59 128 0 0
598 0 0 0 59 128 0 0
599 0 0 0 59 128 0 0
600 0 0 0 59 128 0 0
601 0 0 0 59 128 0 0
602 0 0 0 59 128 0 0
603 0 0 0 59 128 0 0
604 0 0 0 59 128 0 0
605 0 0 0 59 128 0 0
606 0 0 0 59 128 0 0
607 0 0 0 59 128 0 0
608 0 0 0 59 128 0 0
609 0 0 0 59 128 0 0
610 0 0 0 59 128 0 0
611 0 0 0 59 128 0 0
612 0 0 0 59 128 0 0
613 0 0 0 59 128 0 0
614 0 0 0 59 128 0 0
615 0 0 0 59 128 0 0
616 0 0 0 59 128 0 0
617 0 0 0 59 128 0 0
618 0 0 0 59 128 0 0
619 0 0 0 59 128 0 0
620 0 0 0 59 128 0 0
621 0 0 0 59 128 0 0
622 0 0 0 59 128 0 0
623 0 0 0 59 128 0 0
624 0 0 0 59 128 0 0
625 0 0 0 59 128 0 0
626 0 0 0 59 128 0 0
627 0 0 0 59 128 0 0
628 0 0 0 59 128 0 0
629 0 0 0 59 128 0 0
630 0 0 0 59 128 0 0
631 0 0 0 59 128 0 0
632 0 0 0 59 128 0 0
633 0 0 0 59 128 0 0
634 0 0 0 59 128 0 0
635 0 0 0 59 128 0 0
636 0 0 0 59 128 0 0
637 0 0 0 59 128 0 0
638 0 0 0 59 128 0 0
639 0 0 0 59 128 0 0
640 0 0 0 59 128 0 0
641 0 0 0 59 128 0 0
642 0 0 0 59 128 0 0
643 0 0 0 59 128 0 0
644 0 0 0 59 128 0 0
645 0 0 0 59 128 0 0
646 0 0 0 59 128 0 0
647 0 0 0 59 128 0 0
648 1 0 0 58 128 0 0
649 1 0 0 58 128 0 0
650 1 0 0 58 128 0 0
651 1 0 0 58 128 0 0
652 1 0 0 58 128 0 0
653 1 0 0 58 128 0 0
654 1 0 0 58 128 0 0
655 1 0 0 58 128 0 0
656 1 0 0 58 128 0 0
657 1 0 0 58 125 1 2
658 1 0 0 58 125 1 2
659 1 0 0 58 125 1 2
660 1 0 0 58 125 1 2
661 1 0 0 58 125 1 2
662 1 0 0 58 125 1 2
663 1 0 0 58 125 1 2
664 1 0 0 58 125 1 2
665 1 0 0 58 125 1 2
666 1 0 0 58 125 1 2
667 1 0 0 58 125 1 2
668 1 0 0 58 125 1 2
669 1 0 0 58 125 1 2
670 1 0 0 58 125 1 2
671 1 0 0 58 125 1 2
672 1 0 0 58 125 1 2
673 1 0 0 58 125 1 2
674 1 0 0 58 125 1 2
675 1 0 0 58 125 1 2
676 1 0 0 58 125 1 2
677 1 0 0 58 125 1 2
678 1 0 0 58 122 2 4
679 1 0 0 58 122 2 4
680 1 0 0 58 122 2 4
681 1 0 0 58 122 2 4
682 1 0 0 58 122 2 4
683 1 0 0 58 122 2 4
684 1 0 0 58 122 2 4
685 1 0 0 58 122 2 4
686 1 0 0 58 122 2 6
687 1 0 0 58 122 2 6
688 1 0 0 58 122 2 6
689 1 0 0 58 123 2 5
690 1 0 0 58 123 2 5
691 1 0 0 58 123 2 5
692 1 0 0 58 123 2 5
693 1 0 0 58 123 2 5
694 1 0 0 58 123 2 5
695 1 0 0 58 123 2 5
696 1 0 0 58 124 2 4
697 1 0 0 58 124 2 4
698 1 0 0 58 124 2 4
699 1 0 0 58 124 2 4
700 1 0 0 58 124 2 4
701 1 0 0 58 124 2 4
702 1 0 0 58 124 2 4
703 1 0 0 58 124 2 4
704 1 0 0 58 124 2 4
705 1 0 0 58 124 2 4
706 1 0 0 58 124 2 4
707 1 0 0 58 124 2 6
708 1 0 0 58 124 2 6
709 1 0 0 58 124 2 6
710 1 0 0 58 125 2 5
711 1 0 0 58 125 2 5
712 1 0 0 58 126 2 4
713 1 0 0 58 126 2 4
714 1 0 0 58 126 2 4
715 1 0 0 58 126 2 4
716 1 0 0 58 126 2 4
717 1 0 0 58 126 2 4
718 1 0 0 58 126 2 4
719 1 0 0 58 126 2 4
720 1 0 0 58 126 2 4
721 1 0 0 58 126 2 4
722 1 0 0 58 126 2 4
723 1 0 0 58 126 2 4
724 1 0 0 58 126 2 6
725 1 0 0 58 126 2 6
726 1 0 0 58 126 2 6
727 1 0 0 58 128 2 4
728 1 0 0 58 128 2 4
729 1 0 0 58 128 2 4
730 1 0 0 58 128 2 4
731 1 0 0 58 128 2 4
732 1 0 0 58 128 2 4
733 1 0 0 58 128 2 4
734 1 0 0 58 128 2 4
735 1 0 0 58 128 2 4
736 1 0 0 58 128 2 4
737 1 0 0 58 128 2 4
738 1 0 0 58 128 2 4
739 1 0 0 58 128 2 4
740 1 0 0 58 128 2 4
741 1 0 0 58 128 2 4
742 1 0 0 58 128 2 4
743 1 0 0 58 128 2 4
744 1 0 0 58 128 2 4
745 1 0 0 58 128 2 6
746 1 0 0 58 129 2 5
747 1 0 0 58 129 2 5
748 1 0 0 58 130 2 4
749 1 0 0 58 130 2 4
750 1 0 0 58 130 2 4
751 1 0 0 58 130 2 4
752 1 0 0 58 130 2 4
753 1 0 0 58 130 2 4
754 1 0 0 58 130 2 4
755 1 0 0 58 130 2 4
756 1 0 0 58 130 2 4
757 1 0 0 58 130 2 4
758 1 0 0 58 130 2 4
759 1 0 0 58 130 2 4
760 1 0 0 58 130 2 4
761 1 0 0 58 130 2 4
762 1 0 0 58 130 2 6
763 1 0 0 58 131 2 5
764 1 0 0 58 132 2 4
765 1 0 0 58 132 2 4
766 1 0 0 58 132 2 4
767 1 0 0 58 132 2 4
768 1 0 0 58 132 2 4
769 1 0 0 58 132 2 4
770 1 0 0 58 132 2 4
771 1 0 0 58 132 2 4
772 1 0 0 58 132 2 4
773 1 0 0 58 132 2 4
774 1 0 0 58 132 2 4
775 1 0 0 58 132 2 4
776 1 0 0 58 132 2 4
777 1 0 0 58 132 2 4
778 1 0 0 58 132 2 4
779 1 0 0 58 132 2 4
780 1 0 0 58 132 2 4
781 1 0 0 58 132 2 4
782 1 0 0 58 132 2 4
783 1 0 0 58 132 2 6
784 1 0 0 58 133 2 5
785 1 0 0 58 134 2 4
786 1 0 0 58 134 2 4
787 1 0 0 58 134 2 4
788 1 0 0 58 134 2 4
789 1 0 0 58 134 2 4
790 1 0 0 58 134 2 4
791 1 0 0 58 134 2 4
792 1 0 0 58 134 2 4
793 1 0 0 58 134 2 4
794 1 0 0 58 134 2 4
795 1 0 0 58 134 2 4
796 1 0 0 58 134 2 4
797 1 0 0 58 134 2 4
798 1 0 0 58 134 2 4
799 1 0 0 58 134 2 4
800 1 0 0 58 134 2 6
801 1 0 0 58 134 2 6
802 1 0 0 58 135 2 5
803 1 0 0 58 136 2 4
804 1 0 0 58 136 2 4
805 1 0 0 58 136 2 4
806 1 0 0 58 136 2 4
807 1 0 0 58 136 2 4
808 1 0 0 58 136 2 4
809 1 0 0 58 136 2 4
810 1 0 0 58 136 2 4
811 1 0 0 58 136 2 4
812 1 0 0 58 136 2 4
813 1 0 0 58 136 2 4
814 1 0 0 58 136 2 4
815 1 0 0 58 136 2 4
816 1 0 0 58 136 2 4
817 1 0 0 58 136 2 4
818 1 0 0 58 136 2 4
819 1 0 0 58 136 2 4
820 1 0 0 58 136 2 4
821 1 0 0 58 136 2 6
822 1 0 0 58 136 2 6
823 1 0 0 58 136 2 6
824 1 0 0 58 137 2 5
825 1 0 0 58 138 2 4
826 1 0 0 58 138 2 4
827 1 0 0 58 138 2 4
828 1 0 0 58 138 2 4
829 1 0 0 58 138 2 4
830 1 0 0 58 138 2 4
831 1 0 0 58 138 2 4
832 1 0 0 58 138 2 4
833 1 0 0 58 138 2 4
834 1 0 0 58 138 2 4
835 1 0 0 58 138 2 4
836 1 0 0 58 138 2 4
837 1 0 0 58 138 2 4
838 1 0 0 58 138 2 6
839 1 0 0 58 138 2 6
840 1 0 0 58 138 2 6
841 1 0 0 58 140 2 4
842 1 0 0 58 140 2 4
843 1 0 0 58 140 2 4
844 1 0 0 58 140 2 4
845 1 0 0 58 140 2 4
846 1 0 0 58 140 2 4
847 1 0 0 58 140 2 4
848 1 0 0 58 140 2 4
849 1 0 0 58 140 2 4
850 1 0 0 58 140 2 4
851 1 0 0 58 140 2 4
852 1 0 0 58 140 2 4
853 1 0 0 58 140 2 4
854 1 0 0 58 140 2 4
855 1 0 0 58 140 2 4
856 1 0 0 58 140 2 4
857 1 0 0 58 140 2 4
858 1 0 0 58 140 2 4
859 1 0 0 58 140 2 6
860 1 0 0 58 140 2 6
861 1 0 0 58 141 2 5
862 1 0 0 58 141 2 5
863 1 0 0 58 142 2 4
864 1 0 0 58 142 2 4
865 1 0 0 58 142 2 4
866 1 0 0 58 142 2 4
867 1 0 0 58 142 2 4
868 1 0 0 58 142 2 4
869 1 0 0 58 142 2 4
870 1 0 0 58 142 2 4
871 1 0 0 58 142 2 4
872 1 0 0 58 142 2 4
873 1 0 0 58 142 2 4
874 1 0 0 58 142 2 4
875 1 0 0 58 142 2 4
876 1 0 0 58 142 2 6
877 1 0 0 58 142 2 6
878 1 0 0 58 144 2 4
879 1 0 0 58 144 2 4
880 1 0 0 58 144 2 4
881 1 0 0 58 144 2 4
882 1 0 0 58 144 2 4
883 1 0 0 58 144 2 4
884 1 0 0 58 144 2 4
885 1 0 0 58 144 2 4
886 1 0 0 58 144 2 4
887 1 0 0 58 144 2 4
888 1 0 0 58 144 2 4
889 1 0 0 58 144 2 4
890 1 0 0 58 144 2 4
891 1 0 0 58 144 2 4
892 1 0 0 58 144 2 4
893 1 0 0 58 144 2 4
894 1 0 0 58 144 2 4
895 1 0 0 58 144 2 4
896 1 0 0 58 144 2 4
897 1 0 0 58 144 2 6
898 1 0 0 58 145 2 5
899 1 0 0 58 145 2 5
900 1 0 0 58 145 2 5
901 1 0 0 58 145 2 5
902 1 0 0 58 146 2 4
903 1 0 0 58 146 2 4
904 1 0 0 58 146 2 4
905 1 0 0 58 146 2 4
906 1 0 0 58 146 2 4
907 1 0 0 58 146 2 4
908 1 0 0 58 146 2 4
909 1 0 0 58 146 2 4
910 1 0 0 58 146 2 4
911 1 0 0 58 146 2 4
912 1 0 0 58 146 2 4
913 1 0 0 58 146 2 4
914 1 0 0 58 146 2 6
915 1 0 0 58 147 2 5
916 1 0 0 58 147 2 5
917 1 0 0 58 148 2 4
918 1 0 0 58 148 2 4
919 1 0 0 58 148 2 4
920 1 0 0 58 148 2 4
921 1 0 0 58 148 2 4
922 1 0 0 58 148 2 4
923 1 0 0 58 148 2 4
924 1 0 0 58 148 2 4
925 1 0 0 58 148 2 4
926 1 0 0 58 148 2 4
927 1 0 0 58 148 2 4
928 1 0 0 58 148 2 4
929 1 0 0 58 148 2 4
930 1 0 0 58 148 2 4
931 1 0 0 58 148 2 4
932 1 0 0 58 148 2 4
933 1 0 0 58 148 2 4
934 1 0 0 58 148 2 4
935 1 0 0 58 148 2 6
936 1 0 0 58 149 2 5
937 1 0 0 58 149 2 5
938 1 0 0 58 150 2 4
939 1 0 0 58 150 2 4
940 1 0 0 58 150 2 4
941 2 0 0 57 150 2 4
942 2 0 0 57 150 2 4
943 2 0 0 57 150 2 4
944 2 0 0 57 150 2 4
945 2 0 0 57 150 2 4
946 2 0 0 57 150 2 4
947 2 0 0 57 150 2 4
948 2 0 0 57 150 2 4
949 2 0 0 57 150 2 4
950 2 0 0 57 150 2 4
951 2 0 0 57 150 2 4
952 2 0 0 57 150 2 6
953 2 0 0 57 151 2 5
954 2 0 0 57 152 2 4
955 2 0 0 57 152 2 4
956 2 0 0 57 152 2 4
957 2 0 0 57 152 2 4
958 2 0 0 57 152 2 4
959 2 0 0 57 152 2 4
960 2 0 0 57 152 2 4
961 2 0 0 57 152 2 4
962 2 0 0 57 152 2 4
963 2 0 0 57 152 2 4
964 2 0 0 57 152 2 4
965 2 0 0 57 152 2 4
966 2 0 0 57 152 2 4
967 2 0 0 57 152 2 4
968 2 0 0 57 152 2 4
969 2 0 0 57 152 2 4
970 2 0 0 57 152 2 4
971 2 0 0 57 152 2 4
972 2 0 0 57 152 2 4
973 2 0 0 57 152 2 6
974 2 0 0 57 153 2 5
975 2 0 0 57 153 2 5
976 2 0 0 57 153 2 5
977 2 0 0 57 154 2 4
978 2 0 0 57 154 2 4
979 2 0 0 57 154 2 4
980 2 0 0 57 154 2 4
981 2 0 0 57 154 2 4
982 2 0 0 57 154 2 4
983 2 0 0 57 154 2 4
984 2 0 0 57 154 2 4
985 2 0 0 57 154 2 4
986 2 0 0 57 154 2 4
987 2 0 0 57 154 2 4
988 2 0 0 57 154 2 4
989 2 0 0 57 154 2 4
990 2 0 0 57 154 2 6
991 2 0 0 57 154 2 6
992 2 0 0 57 155 2 5
993 2 0 0 57 156 2 4
994 2 0 0 57 156 2 4
995 2 0 0 57 156 2 4
996 2 0 0 57 156 2 4
997 2 0 0 57 156 2 4
998 2 0 0 57 156 2 4
999 2 0 0 57 156 2 4
1000 2 0 0 57 156 2 4
1001 2 0 0 57 156 2 4
1002 2 0 0 57 156 2 4
1003 2 0 0 57 156 2 4
1004 2 0 0 57 156 2 4
1005 2 0 0 57 156 2 4
1006 2 0 0 57 156 2 4
1007 2 0 0 57 156 2 4
1008 2 0 0 57 156 2 4
1009 2 0 0 57 156 2 4
1010 2 0 0 57 156 2 4
1011 2 0 0 57 156 2 6
1012 2 0 0 57 156 2 6
1013 2 0 0 57 158 2 4
1014 2 0 0 57 158 2 4
1015 2 0 0 57 158 2 4
1016 2 0 0 57 158 2 4
1017 2 0 0 57 158 2 4
1018 2 0 0 57 158 2 4
1019 2 0 0 57 158 2 4
1020 2 0 0 57 158 2 4
1021 2 0 0 57 158 2 4
1022 2 0 0 57 158 2 4
1023 2 0 0 57 158 2 4
1024 2 0 0 57 158 2 4
1025 2 0 0 57 158 2 4
1026 2 0 0 57 158 2 4
1027 2 0 0 57 158 2 4
1028 2 0 0 57 158 2 6
1029 2 0 0 57 159 2 5
1030 2 0 0 57 159 2 5
1031 2 0 0 57 160 2 4
1032 2 0 0 57 160 2 4
1033 2 0 0 57 160 2 4
1034 2 0 0 57 160 2 4
1035 2 0 0 57 160 2 4
1036 2 0 0 57 160 2 4
1037 2 0 0 57 160 2 4
1038 2 0 0 57 160 2 4
1039 2 0 0 57 160 2 4
1040 2 0 0 57 160 2 4
1041 2 0 0 57 160 2 4
1042 2 0 0 57 160 2 4
1043 2 0 0 57 160 2 4
1044 2 0 0 57 160 2 4
1045 2 0 0 57 160 2 4
1046 2 0 0 57 160 2 4
1047 2 0 0 57 160 2 4
1048 2 0 0 57 160 2 4
1049 2 0 0 57 160 2 6
1050 2 0 0 57 160 2 6
1051 2 0 0 57 160 2 6
1052 2 0 0 57 162 2 4
1053 2 0 0 57 162 2 4
1054 2 0 0 57 162 2 4
1055 2 0 0 57 162 2 4
1056 2 0 0 57 162 2 4
1057 2 0 0 57 162 2 4
1058 2 0 0 57 162 2 4
1059 2 0 0 57 162 2 4
1060 2 0 0 57 162 2 4
1061 2 0 0 57 162 2 4
1062 2 0 0 57 162 2 4
1063 2 0 0 57 162 2 4
1064 2 0 0 57 162 2 4
1065 2 0 0 57 162 2 4
1066 2 0 0 57 162 2 6
1067 2 0 0 57 162 2 6
1068 2 0 0 57 162 2 6
1069 2 0 0 57 162 2 6
1070 2 0 0 57 164 2 4
1071 2 0 0 57 164 2 4
1072 2 0 0 57 164 2 4
1073 2 0 0 57 164 2 4
1074 2 0 0 57 164 2 4
1075 2 0 0 57 164 2 4
1076 2 0 0 57 164 2 4
1077 2 0 0 57 164 2 4
1078 2 0 0 57 164 2 4
1079 2 0 0 57 164 2 4
1080 2 0 0 57 164 2 4
1081 2 0 0 57 164 2 4
1082 2 0 0 57 164 2 4
1083 2 0 0 57 164 2 4
1084 2 0 0 57 164 2 4
1085 2 0 0 57 164 2 4
1086 2 0 0 57 164 2 4
1087 2 0 0 57 164 2 6
1088 2 0 0 57 164 2 6
1089 2 0 0 57 164 2 6
1090 2 0 0 57 164 2 6
1091 2 0 0 57 165 2 5
1092 2 0 0 57 166 2 4
1093 2 0 0 57 166 2 4
1094 2 0 0 57 166 2 4
1095 2 0 0 57 166 2 4
1096 2 0 0 57 166 2 4
1097 2 0 0 57 166 2 4
1098 2 0 0 57 166 2 4
1099 2 0 0 57 166 2 4
1100 2 0 0 57 166 2 4
1101 2 0 0 57 166 2 4
1102 2 0 0 57 166 2 4
1103 2 0 0 57 166 2 4
1104 2 0 0 57 166 2 6
1105 2 0 0 57 166 2 6
1106 2 0 0 57 166 2 6
1107 2 0 0 57 168 2 4
1108 2 0 0 57 168 2 4
1109 2 0 0 57 168 2 4
1110 2 0 0 57 168 2 4
1111 2 0 0 57 168 2 4
1112 2 0 0 57 168 2 4
1113 2 0 0 57 168 2 4
1114 2 0 0 57 168 2 4
1115 2 0 0 57 168 2 4
1116 2 0 0 57 168 2 4
1117 2 0 0 57 168 2 4
1118 2 0 0 57 168 2 4
1119 2 0 0 57 168 2 4
1120 2 0 0 57 168 2 4
1121 2 0 0 57 168 2 4
1122 2 0 0 57 168 2 4
1123 2 0 0 57 168 2 4
1124 2 0 0 57 168 2 4
1125 2 0 0 57 168 2 6
1126 2 0 0 57 168 2 6
1127 2 0 0 57 168 2 6
1128 2 0 0 57 168 2 6
1129 2 0 0 57 169 2 5
1130 2 0 0 57 169 2 5
1131 2 0 0 57 170 2 4
1132 2 0 0 57 170 2 4
1133 2 0 0 57 170 2 4
1134 2 0 0 57 170 2 4
1135 2 0 0 57 170 2 4
1136 2 0 0 57 170 2 4
1137 2 0 0 57 170 2 4
1138 2 0 0 57 170 2 4
1139 2 0 0 57 170 2 4
1140 3 0 0 56 170 2 4
1141 3 0 0 56 170 2 4
1142 3 0 0 56 170 2 6
1143 3 0 0 56 170 2 6
1144 3 0 0 56 170 2 6
1145 3 0 0 56 170 2 6
1146 3 0 0 56 171 2 5
1147 3 0 0 56 172 2 4
1148 3 0 0 56 172 2 4
1149 3 0 0 56 172 2 4
1150 3 0 0 56 172 2 4
1151 3 0 0 56 172 2 4
1152 3 0 0 56 172 2 4
1153 3 0 0 56 172 2 4
1154 3 0 0 56 172 2 4
1155 3 0 0 56 172 2 4
1156 3 0 0 56 172 2 4
1157 3 0 0 56 172 2 4
1158 3 0 0 56 172 2 4
1159 3 0 0 56 172 2 4
1160 3 0 0 56 172 2 4
1161 3 0 0 56 172 2 4
1162 3 0 0 56 172 2 4
1163 3 0 0 56 172 2 6
1164 3 0 0 56 172 2 6
1165 3 0 0 56 173 2 5
1166 3 0 0 56 173 2 5
1167 3 0 0 56 174 2 4
1168 3 0 0 56 174 2 4
1169 3 0 0 56 174 2 4
1170 3 0 0 56 174 2 4
1171 3 0 0 56 174 2 4
1172 3 0 0 56 174 2 4
1173 3 0 0 56 174 2 4
1174 3 0 0 56 174 2 4
1175 3 0 0 56 174 2 4
1176 3 0 0 56 174 2 4
1177 3 0 0 56 174 2 4
1178 3 0 0 56 174 2 4
1179 3 0 0 56 174 2 4
1180 3 0 0 56 174 2 6
1181 3 0 0 56 175 2 5
1182 3 0 0 56 175 2 5
1183 3 0 0 56 175 2 5
1184 3 0 0 56 176 2 4
1185 3 0 0 56 176 2 4
1186 3 0 0 56 176 2 4
1187 3 0 0 56 176 2 4
1188 3 0 0 56 176 2 4
1189 3 0 0 56 176 2 4
1190 3 0 0 56 176 2 4
1191 3 0 0 56 176 2 4
1192 3 0 0 56 176 2 4
1193 3 0 0 56 176 2 4
1194 3 0 0 56 176 2 4
1195 3 0 0 56 176 2 4
1196 3 0 0 56 176 2 4
1197 3 0 0 56 176 2 4
1198 3 0 0 56 176 2 4
1199 3 0 0 56 176 2 4
1200 3 0 0 56 176 2 4
1201 3 0 0 56 176 2 6
1202 3 0 0 56 176 2 6
1203 3 0 0 56 176 2 6
1204 3 0 0 56 176 2 6
1205 3 0 0 56 177 2 5
1206 3 0 0 56 178 2 4
1207 3 0 0 56 178 2 4
1208 3 0 0 56 178 2 4
1209 3 0 0 56 178 2 4
1210 3 0 0 56 178 2 4
1211 3 0 0 56 178 2 4
1212 3 0 0 56 178 2 4
1213 3 0 0 56 178 2 4
1214 3 0 0 56 178 2 4
1215 3 0 0 56 178 2 4
1216 3 0 0 56 178 2 4
1217 3 0 0 56 178 2 4
1218 3 0 0 56 178 2 6
1219 3 0 0 56 178 2 6
1220 3 0 0 56 178 2 6
1221 3 0 0 56 178 2 6
1222 3 0 0 56 180 2 4
1223 3 0 0 56 180 2 4
1224 3 0 0 56 180 2 4
1225 3 0 0 56 180 2 4
1226 3 0 0 56 180 2 4
1227 3 0 0 56 180 2 4
1228 3 0 0 56 177 3 5
1229 3 0 0 56 177 3 5
1230 3 0 0 56 177 3 5
1231 3 0 0 56 177 3 5
1232 3 0 0 56 177 3 5
1233 3 0 0 56 177 3 5
1234 3 0 0 56 177 3 5
1235 3 0 0 56 177 3 5
1236 3 0 0 56 177 3 5
1237 3 0 0 56 177 3 5
1238 3 0 0 56 177 3 5
1239 3 0 0 56 177 3 7
1240 3 0 0 56 177 3 7
1241 3 0 0 56 177 3 7
1242 3 0 0 56 178 3 6
1243 3 0 0 56 178 3 6
1244 3 0 0 56 179 3 5
1245 3 0 0 56 179 3 5
1246 3 0 0 56 176 4 6
1247 3 0 0 56 176 4 6
1248 3 0 0 56 176 4 6
1249 3 0 0 56 176 4 6
1250 3 0 0 56 176 4 6
1251 3 0 0 56 176 4 6
1252 3 0 0 56 176 4 6
1253 3 0 0 56 176 4 6
1254 3 0 0 56 176 4 6
1255 3 0 0 56 176 4 6
1256 3 0 0 56 176 4 8
1257 3 0 0 56 176 4 9
1258 3 0 0 56 176 4 9
1259 3 0 0 56 176 4 9
1260 3 0 0 56 178 4 7
1261 3 0 0 56 179 4 6
1262 3 0 0 56 179 4 6
1263 3 0 0 56 179 4 6
1264 3 0 0 56 179 4 6
1265 3 0 0 56 179 4 6
1266 3 0 0 56 179 4 7
1267 3 0 0 56 179 4 7
1268 3 0 0 56 179 4 7
1269 3 0 0 56 179 4 7
1270 3 0 0 56 179 4 7
1271 3 0 0 56 179 4 7
1272 3 0 0 56 179 4 7
1273 3 0 0 56 179 4 7
1274 3 0 0 56 179 4 7
1275 3 0 0 56 179 4 8
1276 3 0 0 56 179 4 8
1277 3 0 0 56 179 4 10
1278 3 0 0 56 180 4 9
1279 3 0 0 56 181 4 8
1280 3 0 0 56 181 4 8
1281 3 0 0 56 182 4 7
1282 3 0 0 56 182 4 7
1283 3 0 0 56 182 4 7
1284 3 0 0 56 182 4 8
1285 3 0 0 56 182 4 8
1286 3 0 0 56 182 4 8
1287 3 0 0 56 182 4 8
1288 3 0 0 56 182 4 8
1289 3 0 0 56 182 4 8
1290 3 0 0 56 182 4 8
1291 3 0 0 56 182 4 8
1292 3 0 0 56 182 4 8
1293 3 0 0 56 182 4 8
1294 3 0 0 56 182 4 10
1295 3 0 0 56 183 4 11
1296 3 0 0 56 184 4 10
1297 3 0 0 56 184 4 10
1298 3 0 0 56 185 4 9
1299 3 0 0 56 186 4 8
1300 3 0 0 56 186 4 8
1301 3 0 0 56 186 4 8
1302 3 0 0 56 186 4 8
1303 3 0 0 56 186 4 8
1304 3 0 0 56 186 4 8
1305 3 0 0 56 186 4 8
1306 3 0 0 56 186 4 8
1307 3 0 0 56 186 4 8
1308 3 0 0 56 186 4 8
1309 3 0 0 56 186 4 8
1310 3 0 0 56 186 4 8
1311 3 0 0 56 186 4 8
1312 3 0 0 56 186 4 8
1313 3 0 0 56 186 4 10
1314 3 0 0 56 186 4 10
1315 3 0 0 56 187 4 11
1316 3 0 0 56 187 4 11
1317 3 0 0 56 188 4 10
1318 3 0 0 56 188 4 10
1319 3 0 0 56 189 4 9
1320 3 0 0 56 190 4 8
1321 3 0 0 56 190 4 8
1322 3 0 0 56 190 4 8
1323 3 0 0 56 190 4 8
1324 3 0 0 56 190 4 8
1325 3 0 0 56 190 4 8
1326 3 0 0 56 190 4 8
1327 3 0 0 56 190 4 8
1328 3 0 0 56 190 4 8
1329 3 0 0 56 190 4 8
1330 3 0 0 56 190 4 8
1331 3 0 0 56 190 4 8
1332 3 0 0 56 190 4 10
1333 3 0 0 56 190 4 12
1334 3 0 0 56 190 4 12
1335 3 0 0 56 192 4 10
1336 3 0 0 56 194 4 8
1337 3 0 0 56 194 4 8
1338 3 0 0 56 194 4 8
1339 3 0 0 56 194 4 8
1340 3 0 0 56 194 4 8
1341 3 0 0 56 194 4 8
1342 3 0 0 56 194 4 8
1343 3 0 0 56 194 4 8
1344 3 0 0 56 194 4 8
1345 3 0 0 56 194 4 8
1346 3 0 0 56 194 4 8
1347 3 0 0 56 194 4 8
1348 3 0 0 56 194 4 8
1349 3 0 0 56 194 4 8
1350 3 0 0 56 194 4 8
1351 3 0 0 56 194 4 10
1352 3 0 0 56 196 4 8
1353 3 0 0 56 196 4 10
1354 3 0 0 56 196 4 10
1355 3 0 0 56 196 4 10
1356 3 0 0 56 196 4 10
1357 3 0 0 56 198 4 8
1358 3 0 0 56 198 4 8
1359 3 0 0 56 198 4 8
1360 3 0 0 56 198 4 8
1361 3 0 0 56 198 4 8
1362 3 0 0 56 198 4 8
1363 3 0 0 56 198 4 8
1364 3 0 0 56 198 4 8
1365 3 0 0 56 198 4 8
1366 3 0 0 56 198 4 8
1367 3 0 0 56 198 4 8
1368 3 0 0 56 198 4 8
1369 3 0 0 56 198 4 8
1370 3 0 0 56 198 4 10
1371 3 0 0 56 198 4 12
1372 3 0 0 56 198 4 12
1373 3 0 0 56 198 4 12
1374 3 0 0 56 200 4 10
1375 3 0 0 56 202 4 8
1376 3 0 0 56 202 4 8
1377 3 0 0 56 202 4 8
1378 3 0 0 56 202 4 8
1379 3 0 0 56 202 4 8
1380 3 0 0 56 202 4 8
1381 3 0 0 56 202 4 8
1382 3 0 0 56 202 4 8
1383 3 0 0 56 202 4 8
1384 3 0 0 56 202 4 8
1385 3 0 0 56 202 4 8
1386 3 0 0 56 202 4 8
1387 3 0 0 56 202 4 8
1388 3 0 0 56 202 4 8
1389 3 0 0 56 202 4 10
1390 3 0 0 56 204 4 8
1391 3 0 0 56 204 4 10
1392 3 0 0 56 204 4 10
1393 4 0 0 55 205 4 9
1394 4 0 0 55 205 4 9
1395 4 0 0 55 206 4 8
1396 4 0 0 55 206 4 8
1397 4 0 0 55 206 4 8
1398 4 0 0 55 206 4 8
1399 4 0 0 55 206 4 8
1400 4 0 0 55 206 4 8
1401 4 0 0 55 206 4 8
1402 4 0 0 55 206 4 8
1403 4 0 0 55 206 4 8
1404 4 0 0 55 206 4 8
1405 4 0 0 55 206 4 8
1406 4 0 0 55 206 4 8
1407 4 0 0 55 206 4 8
1408 4 0 0 55 206 4 10
1409 4 0 0 55 206 4 12
1410 4 0 0 55 206 4 12
1411 4 0 0 55 206 4 12
1412 4 0 0 55 208 4 10
1413 4 0 0 55 209 4 9
1414 4 0 0 55 210 4 8
1415 4 0 0 55 210 4 8
1416 4 0 0 55 210 4 8
1417 4 0 0 55 210 4 8
1418 4 0 0 55 210 4 8
1419 4 0 0 55 210 4 8
1420 4 0 0 55 210 4 8
1421 4 0 0 55 210 4 8
1422 4 0 0 55 210 4 8
1423 4 0 0 55 210 4 8
1424 4 0 0 55 210 4 8
1425 4 0 0 55 210 4 8
1426 4 0 0 55 210 4 8
1427 4 0 0 55 210 4 10
1428 4 0 0 55 210 4 10
1429 4 0 0 55 210 4 12
1430 4 0 0 55 210 4 12
1431 4 0 0 55 212 4 10
1432 4 0 0 55 212 4 10
1433 4 0 0 55 214 4 8
1434 4 0 0 55 214 4 8
1435 4 0 0 55 214 4 8
1436 4 0 0 55 214 4 8
1437 4 0 0 55 214 4 8
1438 4 0 0 55 214 4 8
1439 4 0 0 55 214 4 8
1440 4 0 0 55 214 4 8
1441 4 0 0 55 214 4 8
1442 4 0 0 55 214 4 8
1443 4 0 0 55 214 4 8
1444 4 0 0 55 214 4 8
1445 4 0 0 55 214 4 8
1446 4 0 0 55 214 4 10
1447 4 0 0 55 214 4 12
1448 4 0 0 55 214 4 12
1449 4 0 0 55 214 4 12
1450 4 0 0 55 216 4 10
1451 4 0 0 55 218 4 8
1452 4 0 0 55 218 4 8
1453 4 0 0 55 218 4 8
1454 4 0 0 55 218 4 8
1455 4 0 0 55 218 4 8
1456 4 0 0 55 218 4 8
1457 4 0 0 55 218 4 8
1458 4 0 0 55 218 4 8
1459 4 0 0 55 218 4 8
1460 4 0 0 55 218 4 8
1461 4 0 0 55 218 4 8
1462 4 0 0 55 218 4 8
1463 4 0 0 55 218 4 8
1464 4 0 0 55 218 4 8
1465 4 0 0 55 218 4 10
1466 4 0 0 55 218 4 10
1467 4 0 0 55 218 4 12
1468 4 0 0 55 218 4 12
1469 4 0 0 55 221 4 9
1470 4 0 0 55 221 4 9
1471 4 0 0 55 222 4 8
1472 4 0 0 55 222 4 8
1473 4 0 0 55 222 4 8
1474 4 0 0 55 222 4 8
1475 4 0 0 55 222 4 8
1476 4 0 0 55 222 4 8
1477 4 0 0 55 222 4 8
1478 4 0 0 55 222 4 8
1479 4 0 0 55 222 4 8
1480 4 0 0 55 222 4 8
1481 4 0 0 55 222 4 8
1482 4 0 0 55 222 4 8
1483 4 0 0 55 222 4 8
1484 4 0 0 55 222 4 10
1485 4 0 0 55 222 4 12
1486 4 0 0 55 222 4 12
1487 4 0 0 55 224 4 10
1488 4 0 0 55 226 4 8
1489 4 0 0 55 226 4 8
1490 4 0 0 55 226 4 8
1491 4 0 0 55 226 4 8
1492 4 0 0 55 226 4 8
1493 4 0 0 55 226 4 8
1494 4 0 0 55 226 4 8
1495 4 0 0 55 226 4 8
1496 4 0 0 55 226 4 8
1497 4 0 0 55 226 4 8
1498 4 0 0 55 226 4 8
1499 4 0 0 55 226 4 8
1500 4 0 0 55 226 4 8
1501 4 0 0 55 226 4 8
1502 4 0 0 55 226 4 8
1503 4 0 0 55 226 4 10
1504 4 0 0 55 226 4 10
1505 4 0 0 55 226 4 12
1506 4 0 0 55 226 4 12
1507 4 0 0 55 228 4 10
1508 4 0 0 55 228 4 10
1509 4 0 0 55 230 4 8
1510 4 0 0 55 230 4 8
1511 4 0 0 55 230 4 8
1512 4 0 0 55 230 4 8
1513 4 0 0 55 230 4 8
1514 4 0 0 55 230 4 8
1515 4 0 0 55 230 4 8
1516 4 0 0 55 230 4 8
1517 4 0 0 55 230 4 8
1518 4 0 0 55 230 4 8
1519 4 0 0 55 230 4 8
1520 4 0 0 55 230 4 8
1521 4 0 0 55 230 4 8
1522 4 0 0 55 230 4 10
1523 4 0 0 55 230 4 12
1524 4 0 0 55 230 4 12
1525 4 0 0 55 230 4 12
1526 4 0 0 55 231 4 11
1527 4 0 0 55 234 4 8
1528 4 0 0 55 234 4 8
1529 4 0 0 55 234 4 8
1530 4 0 0 55 234 4 8
1531 4 0 0 55 234 4 8
1532 4 0 0 55 234 4 8
1533 4 0 0 55 234 4 8
1534 4 0 0 55 234 4 8
1535 4 0 0 55 234 4 8
1536 4 0 0 55 234 4 8
1537 4 0 0 55 234 4 8
1538 4 0 0 55 234 4 8
1539 4 0 0 55 234 4 8
1540 4 0 0 55 234 4 8
1541 4 0 0 55 234 4 10
1542 4 0 0 55 234 4 10
1543 4 0 0 55 234 4 12
1544 4 0 0 55 234 4 12
1545 4 0 0 55 236 4 10
1546 4 0 0 55 236 4 10
1547 4 0 0 55 237 4 9
1548 4 0 0 55 238 4 8
1549 4 0 0 55 238 4 8
1550 4 0 0 55 238 4 8
1551 4 0 0 55 238 4 8
1552 4 0 0 55 238 4 8
1553 4 0 0 55 238 4 8
1554 4 0 0 55 238 4 8
1555 4 0 0 55 238 4 8
1556 4 0 0 55 238 4 8
1557 4 0 0 55 238 4 8
1558 4 0 0 55 238 4 8
1559 4 0 0 55 238 4 8
1560 4 0 0 55 238 4 10
1561 4 0 0 55 239 4 11
1562 4 0 0 55 239 4 11
1563 4 0 0 55 239 4 11
1564 4 0 0 55 240 4 10
1565 4 0 0 55 242 4 8
1566 4 0 0 55 242 4 8
1567 4 0 0 55 242 4 8
1568 4 0 0 55 242 4 8
1569 4 0 0 55 242 4 8
1570 4 0 0 55 242 4 8
1571 4 0 0 55 242 4 8
1572 4 0 0 55 242 4 8
1573 4 0 0 55 242 4 8
1574 4 0 0 55 242 4 8
1575 4 0 0 55 242 4 8
1576 4 0 0 55 242 4 8
1577 4 0 0 55 242 4 8
1578 4 0 0 55 242 4 8
1579 4 0 0 55 242 4 10
1580 4 0 0 55 242 4 10
1581 4 0 0 55 242 4 12
1582 4 0 0 55 242 4 12
1583 4 0 0 55 245 4 9
1584 4 0 0 55 245 4 9
1585 4 0 0 55 246 4 8
1586 4 0 0 55 246 4 8
1587 4 0 0 55 246 4 8
1588 4 0 0 55 246 4 8
1589 4 0 0 55 246 4 8
1590 4 0 0 55 246 4 8
1591 4 0 0 55 246 4 8
1592 4 0 0 55 246 4 8
1593 4 0 0 55 246 4 8
1594 4 0 0 55 246 4 8
1595 4 0 0 55 246 4 8
1596 4 0 0 55 246 4 8
1597 4 0 0 55 246 4 8
1598 4 0 0 55 246 4 10
1599 4 0 0 55 246 4 12
1600 4 0 0 55 246 4 12
1601 4 0 0 55 246 4 12
1602 4 0 0 55 247 4 11
1603 4 0 0 55 250 4 8
1604 4 0 0 55 250 4 8
1605 4 0 0 55 250 4 8
1606 4 0 0 55 250 4 8
1607 4 0 0 55 250 4 8
1608 4 0 0 55 250 4 8
1609 4 0 0 55 250 4 8
1610 4 0 0 55 250 4 8
1611 4 0 0 55 250 4 8
1612 4 0 0 55 250 4 8
1613 4 0 0 55 250 4 8
1614 4 0 0 55 250 4 8
1615 4 0 0 55 250 4 8
1616 4 0 0 55 250 4 8
1617 4 0 0 55 250 4 10
1618 4 0 0 55 250 4 10
1619 4 0 0 55 250 4 12
1620 5 0 0 54 251 4 11
1621 5 0 0 54 254 4 8
1622 5 0 0 54 254 4 8
1623 5 0 0 54 254 4 8
1624 5 0 0 54 254 4 8
1625 5 0 0 54 254 4 8
1626 5 0 0 54 254 4 8
1627 5 0 0 54 254 4 8
1628 5 0 0 54 254 4 8
1629 5 0 0 54 254 4 8
1630 5 0 0 54 254 4 8
1631 5 0 0 54 254 4 8
1632 5 0 0 54 254 4 8
1633 5 0 0 54 254 4 8
1634 5 0 0 54 254 4 8
1635 5 0 0 54 254 4 8
1636 5 0 0 54 254 4 10
1637 5 0 0 54 254 4 12
1638 5 0 0 54 254 4 12
1639 5 0 0 54 254 4 12
1640 5 0 0 54 257 4 9
1641 5 0 0 54 258 4 8
1642 5 0 0 54 258 4 8
1643 5 0 0 54 258 4 8
1644 5 0 0 54 258 4 8
1645 5 0 0 54 258 4 8
1646 5 0 0 54 258 4 8
1647 5 0 0 54 258 4 8
1648 5 0 0 54 258 4 8
1649 5 0 0 54 258 4 8
1650 5 0 0 54 258 4 8
1651 5 0 0 54 258 4 8
1652 5 0 0 54 258 4 8
1653 5 0 0 54 258 4 8
1654 5 0 0 54 258 4 8
1655 5 0 0 54 258 4 10
1656 5 0 0 54 258 4 10
1657 5 0 0 54 258 4 12
1658 5 0 0 54 260 4 10
1659 5 0 0 54 262 4 8
1660 5 0 0 54 262 4 8
1661 5 0 0 54 262 4 8
1662 5 0 0 54 262 4 8
1663 5 0 0 54 262 4 8
1664 5 0 0 54 262 4 8
1665 5 0 0 54 262 4 8
1666 5 0 0 54 262 4 8
1667 5 0 0 54 262 4 8
1668 5 0 0 54 262 4 8
1669 5 0 0 54 262 4 8
1670 5 0 0 54 262 4 8
1671 5 0 0 54 262 4 8
1672 5 0 0 54 262 4 8
1673 5 0 0 54 262 4 8
1674 5 0 0 54 262 4 10
1675 5 0 0 54 262 4 12
1676 5 0 0 54 262 4 12
1677 5 0 0 54 262 4 12
1678 5 0 0 54 263 4 11
1679 5 0 0 54 265 4 9
1680 5 0 0 54 266 4 8
1681 5 0 0 54 266 4 8
1682 5 0 0 54 266 4 8
1683 5 0 0 54 266 4 8
1684 5 0 0 54 266 4 8
1685 5 0 0 54 266 4 8
1686 5 0 0 54 266 4 8
1687 5 0 0 54 266 4 8
1688 5 0 0 54 266 4 8
1689 5 0 0 54 266 4 8
1690 5 0 0 54 266 4 8
1691 5 0 0 54 266 4 8
1692 5 0 0 54 266 4 8
1693 5 0 0 54 266 4 10
1694 5 0 0 54 266 4 10
1695 5 0 0 54 266 4 12
1696 5 0 0 54 266 4 12
1697 5 0 0 54 267 4 11
1698 5 0 0 54 268 4 10
1699 5 0 0 54 269 4 9
1700 5 0 0 54 270 4 8
1701 5 0 0 54 270 4 8
1702 5 0 0 54 270 4 8
1703 5 0 0 54 270 4 8
1704 5 0 0 54 270 4 8
1705 5 0 0 54 270 4 8
1706 5 0 0 54 270 4 8
1707 5 0 0 54 270 4 8
1708 5 0 0 54 270 4 8
1709 5 0 0 54 270 4 8
1710 5 0 0 54 270 4 8
1711 5 0 0 54 270 4 8
1712 5 0 0 54 270 4 10
1713 5 0 0 54 270 4 12
1714 5 0 0 54 270 4 12
1715 5 0 0 54 272 4 10
1716 5 0 0 54 274 4 8
1717 5 0 0 54 274 4 8
1718 5 0 0 54 274 4 8
1719 5 0 0 54 274 4 8
1720 5 0 0 54 274 4 8
1721 5 0 0 54 271 5 9
1722 5 0 0 54 271 5 9
1723 5 0 0 54 271 5 9
1724 5 0 0 54 271 5 9
1725 5 0 0 54 271 5 9
1726 5 0 0 54 271 5 9
1727 5 0 0 54 271 5 9
1728 5 0 0 54 271 5 9
1729 5 0 0 54 271 5 9
1730 5 0 0 54 271 5 9
1731 5 0 0 54 271 5 11
1732 5 0 0 54 272 5 10
1733 5 0 0 54 272 5 12
1734 5 0 0 54 272 5 12
1735 5 0 0 54 272 5 12
1736 5 0 0 54 273 5 11
1737 5 0 0 54 275 5 9
1738 5 0 0 54 275 5 9
1739 5 0 0 54 275 5 9
1740 5 0 0 54 275 5 9
1741 5 0 0 54 275 5 9
1742 5 0 0 54 275 5 9
1743 5 0 0 54 275 5 9
1744 5 0 0 54 275 5 9
1745 5 0 0 54 275 5 9
1746 5 0 0 54 275 5 9
1747 5 0 0 54 275 5 9
1748 5 0 0 54 275 5 9
1749 5 0 0 54 275 5 9
1750 5 0 0 54 275 5 12
1751 5 0 0 54 276 5 13
1752 5 0 0 54 276 5 13
1753 5 0 0 54 277 5 12
1754 5 0 0 54 278 5 11
1755 5 0 0 54 280 5 9
1756 5 0 0 54 280 5 9
1757 5 0 0 54 280 5 9
1758 5 0 0 54 280 5 9
1759 5 0 0 54 280 5 10
1760 5 0 0 54 280 5 10
1761 5 0 0 54 280 5 10
1762 5 0 0 54 280 5 10
1763 5 0 0 54 280 5 10
1764 5 0 0 54 280 5 10
1765 5 0 0 54 280 5 10
1766 5 0 0 54 280 5 10
1767 5 0 0 54 280 5 10
1768 5 0 0 54 280 5 10
1769 5 0 0 54 280 5 12
1770 5 0 0 54 280 5 12
1771 5 0 0 54 280 5 14
1772 5 0 0 54 280 5 14
1773 5 0 0 54 282 5 12
1774 5 0 0 54 282 5 12
1775 5 0 0 54 284 5 10
1776 5 0 0 54 284 5 10
1777 5 0 0 54 284 5 10
1778 5 0 0 54 284 5 10
1779 5 0 0 54 284 5 10
1780 5 0 0 54 284 5 10
1781 5 0 0 54 281 6 11
1782 5 0 0 54 281 6 11
1783 5 0 0 54 281 6 11
1784 5 0 0 54 281 6 11
1785 5 0 0 54 281 6 11
1786 5 0 0 54 281 6 11
1787 5 0 0 54 281 6 11
1788 5 0 0 54 281 6 15
1789 5 0 0 54 281 6 17
1790 5 0 0 54 281 6 17
1791 5 0 0 54 281 6 17
1792 5 0 0 54 282 6 16
1793 5 0 0 54 286 6 12
1794 5 0 0 54 287 6 11
1795 5 0 0 54 287 6 11
1796 5 0 0 54 287 6 11
1797 5 0 0 54 287 6 11
1798 5 0 0 54 287 6 11
1799 5 0 0 54 287 6 11
1800 5 0 0 54 287 6 11
1801 5 0 0 54 287 6 11
1802 5 0 0 54 287 6 11
1803 5 0 0 54 287 6 11
1804 5 0 0 54 287 6 11
1805 5 0 0 54 287 6 11
1806 5 0 0 54 287 6 11
1807 5 0 0 54 287 6 13
1808 5 0 0 54 287 6 13
1809 5 0 0 54 288 6 14
1810 5 0 0 54 288 6 15
1811 5 0 0 54 289 6 14
1812 5 0 0 54 289 6 14
1813 5 0 0 54 290 6 13
1814 5 0 0 54 292 6 11
1815 5 0 0 54 292 6 11
1816 5 0 0 54 292 6 11
1817 5 0 0 54 292 6 11
1818 5 0 0 54 292 6 11
1819 5 0 0 54 292 6 12
1820 5 0 0 54 292 6 12
1821 5 0 0 54 292 6 12
1822 5 0 0 54 292 6 12
1823 5 0 0 54 292 6 12
1824 5 0 0 54 292 6 12
1825 5 0 0 54 292 6 12
1826 5 0 0 54 292 6 16
1827 5 0 0 54 292 6 18
1828 6 0 0 53 292 6 18
1829 6 0 0 53 293 6 17
1830 6 0 0 53 296 6 14
1831 6 0 0 53 298 6 12
1832 6 0 0 53 298 6 12
1833 6 0 0 53 298 6 12
1834 6 0 0 53 298 6 12
1835 6 0 0 53 298 6 12
1836 6 0 0 53 298 6 12
1837 6 0 0 53 298 6 12
1838 6 0 0 53 298 6 12
1839 6 0 0 53 298 6 12
1840 6 0 0 53 298 6 12
1841 6 0 0 53 298 6 12
1842 6 0 0 53 298 6 12
1843 6 0 0 53 298 6 12
1844 6 0 0 53 298 6 12
1845 6 0 0 53 298 6 14
1846 6 0 0 53 299 6 13
1847 6 0 0 53 299 6 15
1848 6 0 0 53 299 6 17
1849 6 0 0 53 300 6 16
1850 6 0 0 53 301 6 15
1851 6 0 0 53 304 6 12
1852 6 0 0 53 304 6 12
1853 6 0 0 53 304 6 12
1854 6 0 0 53 304 6 12
1855 6 0 0 53 304 6 12
1856 6 0 0 53 304 6 12
1857 6 0 0 53 304 6 12
1858 6 0 0 53 304 6 12
1859 6 0 0 53 304 6 12
1860 6 0 0 53 304 6 12
1861 6 0 0 53 304 6 12
1862 6 0 0 53 304 6 12
1863 6 0 0 53 304 6 12
1864 6 0 0 53 304 6 16
1865 6 0 0 53 304 6 18
1866 6 0 0 53 305 6 17
1867 6 0 0 53 305 6 17
1868 6 0 0 53 308 6 14
1869 6 0 0 53 310 6 12
1870 6 0 0 53 310 6 12
1871 6 0 0 53 310 6 12
1872 6 0 0 53 310 6 12
1873 6 0 0 53 310 6 12
1874 6 0 0 53 310 6 12
1875 6 0 0 53 310 6 12
1876 6 0 0 53 310 6 12
1877 6 0 0 53 310 6 12
1878 6 0 0 53 310 6 12
1879 6 0 0 53 310 6 12
1880 6 0 0 53 310 6 12
1881 6 0 0 53 310 6 12
1882 6 0 0 53 310 6 12
1883 6 0 0 53 310 6 14
1884 6 0 0 53 310 6 14
1885 6 0 0 53 310 6 16
1886 6 0 0 53 310 6 18
1887 6 0 0 53 311 6 17
1888 6 0 0 53 312 6 16
1889 6 0 0 53 314 6 14
1890 6 0 0 53 316 6 12
1891 6 0 0 53 316 6 12
1892 6 0 0 53 316 6 12
1893 6 0 0 53 316 6 12
1894 6 0 0 53 316 6 12
1895 6 0 0 53 316 6 12
1896 6 0 0 53 316 6 12
1897 6 0 0 53 316 6 12
1898 6 0 0 53 316 6 12
1899 6 0 0 53 316 6 12
1900 6 0 0 53 316 6 12
1901 6 0 0 53 316 6 12
1902 6 0 0 53 316 6 16
1903 6 0 0 53 316 6 18
1904 6 0 0 53 316 6 18
1905 6 0 0 53 316 6 18
1906 6 0 0 53 319 6 15
1907 6 0 0 53 321 6 13
1908 6 0 0 53 322 6 12
1909 6 0 0 53 322 6 12
1910 6 0 0 53 322 6 12
1911 6 0 0 53 322 6 12
1912 6 0 0 53 322 6 12
1913 6 0 0 53 322 6 12
1914 6 0 0 53 322 6 12
1915 6 0 0 53 322 6 12
1916 6 0 0 53 322 6 12
1917 6 0 0 53 322 6 12
1918 6 0 0 53 322 6 12
1919 6 0 0 53 322 6 12
1920 6 0 0 53 322 6 12
1921 6 0 0 53 322 6 14
1922 6 0 0 53 322 6 14
1923 6 0 0 53 322 6 16
1924 6 0 0 53 322 6 18
1925 6 0 0 53 324 6 16
1926 6 0 0 53 325 6 15
1927 6 0 0 53 326 6 14
1928 6 0 0 53 328 6 12
1929 6 0 0 53 328 6 12
1930 6 0 0 53 328 6 12
1931 6 0 0 53 328 6 12
1932 6 0 0 53 328 6 12
1933 6 0 0 53 328 6 12
1934 6 0 0 53 328 6 12
1935 6 0 0 53 328 6 12
1936 6 0 0 53 328 6 12
1937 6 0 0 53 328 6 12
1938 6 0 0 53 328 6 12
1939 6 0 0 53 328 6 12
1940 6 0 0 53 328 6 16
1941 6 0 0 53 328 6 18
1942 6 0 0 53 328 6 18
1943 6 0 0 53 328 6 18
1944 6 0 0 53 330 6 16
1945 6 0 0 53 333 6 13
1946 6 0 0 53 334 6 12
1947 6 0 0 53 334 6 12
1948 6 0 0 53 334 6 12
1949 6 0 0 53 334 6 12
1950 6 0 0 53 334 6 12
1951 6 0 0 53 334 6 12
1952 6 0 0 53 334 6 12
1953 6 0 0 53 334 6 12
1954 6 0 0 53 334 6 12
1955 6 0 0 53 334 6 12
1956 6 0 0 53 334 6 12
1957 6 0 0 53 334 6 12
1958 6 0 0 53 334 6 12
1959 6 0 0 53 334 6 14
1960 6 0 0 53 334 6 14
1961 6 0 0 53 335 6 15
1962 6 0 0 53 335 6 17
1963 6 0 0 53 337 6 15
1964 6 0 0 53 337 6 15
1965 6 0 0 53 338 6 14
1966 6 0 0 53 340 6 12
1967 6 0 0 53 340 6 12
1968 6 0 0 53 340 6 12
1969 6 0 0 53 340 6 12
1970 6 0 0 53 340 6 12
1971 6 0 0 53 340 6 12
1972 6 0 0 53 340 6 12
1973 6 0 0 53 340 6 12
1974 6 0 0 53 340 6 12
1975 6 0 0 53 340 6 12
1976 6 0 0 53 340 6 12
1977 6 0 0 53 340 6 12
1978 6 0 0 53 340 6 16
1979 6 0 0 53 340 6 18
1980 6 0 0 53 340 6 18
1981 6 0 0 53 340 6 18
1982 6 0 0 53 342 6 16
1983 6 0 0 53 346 6 12
1984 6 0 0 53 346 6 12
1985 6 0 0 53 346 6 12
1986 6 0 0 53 346 6 12
1987 6 0 0 53 346 6 12
1988 6 0 0 53 346 6 12
1989 6 0 0 53 346 6 12
1990 6 0 0 53 346 6 12
1991 6 0 0 53 346 6 12
1992 6 0 0 53 346 6 12
1993 6 0 0 53 346 6 12
1994 6 0 0 53 346 6 12
1995 6 0 0 53 346 6 12
1996 6 0 0 53 346 6 12
1997 6 0 0 53 346 6 14
1998 6 0 0 53 346 6 14
1999 6 0 0 53 347 6 15
2000 6 0 0 53 347 6 17
2001 6 0 0 53 348 6 16
2002 6 0 0 53 348 6 16
2003 6 0 0 53 350 6 14
2004 6 0 0 53 351 6 13
2005 6 0 0 53 351 6 13
2006 6 0 0 53 352 6 12
2007 6 0 0 53 352 6 12
2008 6 0 0 53 352 6 12
2009 6 0 0 53 352 6 12
2010 6 0 0 53 352 6 12
2011 6 0 0 53 352 6 12
2012 6 0 0 53 352 6 12
2013 6 0 0 53 352 6 12
2014 6 0 0 53 352 6 12
2015 6 0 0 53 352 6 12
2016 6 0 0 53 352 6 16
2017 6 0 0 53 352 6 18
2018 6 0 0 53 352 6 18
2019 6 0 0 53 353 6 17
2020 6 0 0 53 355 6 15
2021 6 0 0 53 358 6 12
2022 6 0 0 53 358 6 12
2023 6 0 0 53 358 6 12
2024 6 0 0 53 358 6 12
2025 6 0 0 53 358 6 12
2026 6 0 0 53 358 6 12
2027 6 0 0 53 358 6 12
2028 6 0 0 53 358 6 12
2029 6 0 0 53 358 6 12
2030 6 0 0 53 358 6 12
2031 6 0 0 53 358 6 12
2032 6 0 0 53 358 6 12
2033 6 0 0 53 358 6 12
2034 6 0 0 53 358 6 12
2035 6 0 0 53 358 6 14
2036 6 0 0 53 358 6 14
2037 6 0 0 53 359 6 15
2038 6 0 0 53 359 6 17
2039 6 0 0 53 360 6 16
2040 6 0 0 53 360 6 16
2041 6 0 0 53 363 6 13
2042 6 0 0 53 363 6 13
2043 6 0 0 53 364 6 12
2044 6 0 0 53 364 6 12
2045 6 0 0 53 364 6 12
2046 6 0 0 53 364 6 12
2047 6 0 0 53 364 6 12
2048 6 0 0 53 364 6 12
2049 6 0 0 53 364 6 12
2050 6 0 0 53 364 6 12
2051 6 0 0 53 364 6 12
2052 6 0 0 53 364 6 12
2053 6 0 0 53 364 6 12
2054 6 0 0 53 364 6 16
2055 6 0 0 53 364 6 18
2056 6 0 0 53 364 6 18
2057 6 0 0 53 364 6 18
2058 6 0 0 53 367 6 15
2059 6 0 0 53 369 6 13
2060 6 0 0 53 370 6 12
2061 6 0 0 53 370 6 12
2062 6 0 0 53 370 6 12
2063 6 0 0 53 370 6 12
2064 6 0 0 53 370 6 12
2065 6 0 0 53 370 6 12
2066 6 0 0 53 370 6 12
2067 6 0 0 53 370 6 12
2068 6 0 0 53 370 6 12
2069 6 0 0 53 370 6 12
2070 6 0 0 53 370 6 12
2071 6 0 0 53 370 6 12
2072 6 0 0 53 370 6 12
2073 6 0 0 53 370 6 14
2074 6 0 0 53 370 6 14
2075 6 0 0 53 370 6 16
2076 6 0 0 53 370 6 18
2077 6 0 0 53 372 6 16
2078 6 0 0 53 372 6 16
2079 6 0 0 53 375 6 13
2080 6 0 0 53 375 6 13
2081 6 0 0 53 375 6 13
2082 6 0 0 53 376 6 12
2083 6 0 0 53 376 6 12
2084 6 0 0 53 376 6 12
2085 6 0 0 53 376 6 12
2086 6 0 0 53 376 6 12
2087 6 0 0 53 376 6 12
2088 6 0 0 53 376 6 12
2089 6 0 0 53 376 6 12
2090 6 0 0 53 376 6 12
2091 6 0 0 53 376 6 12
2092 6 0 0 53 376 6 16
2093 6 0 0 53 376 6 18
2094 6 0 0 53 376 6 18
2095 6 0 0 53 377 6 17
2096 6 0 0 53 379 6 15
2097 6 0 0 53 382 6 12
2098 6 0 0 53 382 6 12
2099 6 0 0 53 382 6 12
2100 6 0 0 53 382 6 12
2101 6 0 0 53 382 6 12
2102 6 0 0 53 382 6 12
2103 6 0 0 53 382 6 12
2104 6 0 0 53 382 6 12
2105 6 0 0 53 382 6 12
2106 6 0 0 53 382 6 12
2107 6 0 0 53 382 6 12
2108 6 0 0 53 382 6 12
2109 6 0 0 53 382 6 12
2110 6 0 0 53 382 6 12
2111 6 0 0 53 382 6 14
2112 6 0 0 53 382 6 14
2113 6 0 0 53 382 6 16
2114 6 0 0 53 382 6 18
2115 6 0 0 53 384 6 16
2116 6 0 0 53 384 6 16
2117 6 0 0 53 386 6 14
2118 6 0 0 53 387 6 13
2119 6 0 0 53 388 6 12
2120 6 0 0 53 388 6 12
2121 6 0 0 53 388 6 12
2122 6 0 0 53 388 6 12
2123 6 0 0 53 388 6 12
2124 6 0 0 53 388 6 12
2125 6 0 0 53 388 6 12
2126 6 0 0 53 388 6 12
2127 6 0 0 53 388 6 12
2128 6 0 0 53 388 6 12
2129 6 0 0 53 388 6 12
2130 6 0 0 53 388 6 16
2131 6 0 0 53 388 6 18
2132 6 0 0 53 388 6 18
2133 6 0 0 53 389 6 17
2134 6 0 0 53 391 6 15
2135 6 0 0 53 393 6 13
2136 6 0 0 53 394 6 12
2137 6 0 0 53 394 6 12
2138 6 0 0 53 394 6 12
2139 6 0 0 53 394 6 12
2140 6 0 0 53 394 6 12
2141 6 0 0 53 394 6 12
2142 6 0 0 53 394 6 12
2143 6 0 0 53 394 6 12
2144 6 0 0 53 394 6 12
2145 6 0 0 53 394 6 12
2146 6 0 0 53 394 6 12
2147 6 0 0 53 394 6 12
2148 6 0 0 53 394 6 12
2149 6 0 0 53 394 6 14
2150 6 0 0 53 394 6 14
2151 6 0 0 53 395 6 15
2152 6 0 0 53 395 6 17
2153 6 0 0 53 397 6 15
2154 6 0 0 53 397 6 15
2155 6 0 0 53 400 6 12
2156 6 0 0 53 400 6 12
2157 6 0 0 53 400 6 12
2158 6 0 0 53 400 6 12
2159 6 0 0 53 400 6 12
2160 6 0 0 53 400 6 12
2161 6 0 0 53 400 6 12
2162 6 0 0 53 400 6 12
2163 6 0 0 53 400 6 12
2164 6 0 0 53 400 6 12
2165 6 0 0 53 400 6 12
2166 6 0 0 53 400 6 12
2167 6 0 0 53 400 6 12
2168 6 0 0 53 400 6 16
2169 6 0 0 53 400 6 18
2170 6 0 0 53 401 6 17
2171 6 0 0 53 401 6 17
2172 6 0 0 53 403 6 15
2173 6 0 0 53 406 6 12
2174 6 0 0 53 406 6 12
2175 6 0 0 53 406 6 12
2176 6 0 0 53 406 6 12
2177 7 0 0 52 406 6 12
2178 7 0 0 52 406 6 12
2179 7 0 0 52 406 6 12
2180 7 0 0 52 406 6 12
2181 7 0 0 52 406 6 12
2182 7 0 0 52 406 6 12
2183 7 0 0 52 406 6 12
2184 7 0 0 52 406 6 12
2185 7 0 0 52 406 6 12
2186 7 0 0 52 406 6 12
2187 7 0 0 52 406 6 14
2188 7 0 0 52 406 6 14
2189 7 0 0 52 403 7 17
2190 7 0 0 52 403 7 19
2191 7 0 0 52 405 7 17
2192 7 0 0 52 405 7 17
2193 7 0 0 52 406 7 16
2194 7 0 0 52 408 7 14
2195 7 0 0 52 409 7 13
2196 7 0 0 52 409 7 13
2197 7 0 0 52 409 7 13
2198 7 0 0 52 409 7 13
2199 7 0 0 52 409 7 13
2200 7 0 0 52 409 7 13
2201 7 0 0 52 409 7 13
2202 7 0 0 52 409 7 13
2203 7 0 0 52 409 7 13
2204 7 0 0 52 409 7 13
2205 7 0 0 52 409 7 13
2206 7 0 0 52 409 7 17
2207 7 0 0 52 409 7 19
2208 7 0 0 52 409 7 19
2209 7 0 0 52 409 7 19
2210 7 0 0 52 411 7 17
2211 7 0 0 52 414 7 14
2212 7 0 0 52 415 7 13
2213 7 0 0 52 415 7 13
2214 7 0 0 52 415 7 13
2215 7 0 0 52 415 7 13
2216 7 0 0 52 415 7 13
2217 7 0 0 52 415 7 13
2218 7 0 0 52 415 7 14
2219 7 0 0 52 415 7 14
2220 7 0 0 52 415 7 14
2221 7 0 0 52 415 7 14
2222 7 0 0 52 416 7 13
2223 7 0 0 52 416 7 13
2224 7 0 0 52 416 7 13
2225 7 0 0 52 416 7 15
2226 7 0 0 52 416 7 15
2227 7 0 0 52 416 7 18
2228 7 0 0 52 417 7 19
2229 7 0 0 52 419 7 17
2230 7 0 0 52 421 7 15
2231 7 0 0 52 421 7 15
2232 7 0 0 52 422 7 14
2233 7 0 0 52 422 7 14
2234 7 0 0 52 422 7 14
2235 7 0 0 52 422 7 14
2236 7 0 0 52 422 7 14
2237 7 0 0 52 422 7 14
2238 7 0 0 52 422 7 14
2239 7 0 0 52 422 7 14
2240 7 0 0 52 422 7 14
2241 7 0 0 52 422 7 14
2242 7 0 0 52 422 7 14
2243 7 0 0 52 422 7 14
2244 7 0 0 52 422 7 18
2245 7 0 0 52 422 7 20
2246 7 0 0 52 422 7 20
2247 7 0 0 52 422 7 20
2248 7 0 0 52 424 7 18
2249 7 0 0 52 428 7 14
2250 7 0 0 52 428 7 14
2251 7 0 0 52 428 7 14
2252 7 0 0 52 428 7 14
2253 7 0 0 52 428 7 14
2254 7 0 0 52 428 7 14
2255 7 0 0 52 428 7 14
2256 7 0 0 52 428 7 16
2257 7 0 0 52 429 7 15
2258 7 0 0 52 429 7 15
2259 7 0 0 52 429 7 15
2260 7 0 0 52 430 7 14
2261 7 0 0 52 430 7 14
2262 7 0 0 52 430 7 14
2263 7 0 0 52 430 7 16
2264 7 0 0 52 430 7 16
2265 7 0 0 52 430 7 18
2266 7 0 0 52 430 7 20
2267 7 0 0 52 432 7 18
2268 7 0 0 52 432 7 18
2269 7 0 0 52 435 7 15
2270 7 0 0 52 435 7 15
2271 7 0 0 52 435 7 15
2272 7 0 0 52 436 7 14
2273 7 0 0 52 436 7 14
2274 7 0 0 52 436 7 14
2275 7 0 0 52 436 7 14
2276 7 0 0 52 436 7 14
2277 7 0 0 52 436 7 14
2278 7 0 0 52 433 8 15
2279 7 0 0 52 433 8 15
2280 7 0 0 52 433 8 15
2281 7 0 0 52 433 8 15
2282 7 0 0 52 433 8 19
2283 7 0 0 52 433 8 21
2284 7 0 0 52 433 8 21
2285 7 0 0 52 434 8 20
2286 7 0 0 52 436 8 18
2287 7 0 0 52 438 8 16
2288 7 0 0 52 439 8 15
2289 7 0 0 52 439 8 15
2290 7 0 0 52 439 8 15
2291 7 0 0 52 439 8 15
2292 7 0 0 52 439 8 15
2293 7 0 0 52 439 8 15
2294 7 0 0 52 439 8 17
2295 7 0 0 52 439 8 17
2296 7 0 0 52 439 8 17
2297 7 0 0 52 439 8 17
2298 7 0 0 52 441 8 15
2299 7 0 0 52 441 8 15
2300 7 0 0 52 441 8 15
2301 7 0 0 52 441 8 17
2302 7 0 0 52 441 8 17
2303 7 0 0 52 443 8 17
2304 7 0 0 52 443 8 19
2305 7 0 0 52 443 8 19
2306 7 0 0 52 443 8 19
2307 7 0 0 52 445 8 18
2308 7 0 0 52 446 8 17
2309 7 0 0 52 447 8 16
2310 7 0 0 52 447 8 16
2311 7 0 0 52 448 8 15
2312 7 0 0 52 448 8 15
2313 7 0 0 52 448 8 15
2314 7 0 0 52 448 8 15
2315 7 0 0 52 448 8 15
2316 7 0 0 52 448 8 16
2317 7 0 0 52 448 8 16
2318 7 0 0 52 448 8 16
2319 7 0 0 52 448 8 16
2320 7 0 0 52 448 8 20
2321 7 0 0 52 448 8 22
2322 7 0 0 52 448 8 22
2323 7 0 0 52 448 8 22
2324 7 0 0 52 451 8 19
2325 7 0 0 52 453 8 17
2326 7 0 0 52 454 8 16
2327 7 0 0 52 454 8 16
2328 7 0 0 52 454 8 16
2329 7 0 0 52 454 8 16
2330 7 0 0 52 454 8 16
2331 7 0 0 52 454 8 16
2332 7 0 0 52 454 8 18
2333 7 0 0 52 454 8 18
2334 7 0 0 52 454 8 18
2335 7 0 0 52 454 8 18
2336 7 0 0 52 456 8 16
2337 7 0 0 52 456 8 16
2338 7 0 0 52 456 8 16
2339 7 0 0 52 456 8 18
2340 7 0 0 52 456 8 18
2341 7 0 0 52 456 8 20
2342 7 0 0 52 456 8 22
2343 7 0 0 52 458 8 20
2344 7 0 0 52 460 8 18
2345 7 0 0 52 462 8 18
2346 7 0 0 52 462 8 18
2347 7 0 0 52 462 8 18
2348 7 0 0 52 463 8 17
2349 7 0 0 52 464 8 16
2350 7 0 0 52 464 8 16
2351 7 0 0 52 464 8 16
2352 7 0 0 52 464 8 16
2353 7 0 0 52 464 8 16
2354 7 0 0 52 464 8 16
2355 7 0 0 52 464 8 16
2356 7 0 0 52 464 8 16
2357 7 0 0 52 464 8 16
2358 7 0 0 52 464 8 20
2359 7 0 0 52 464 8 22
2360 7 0 0 52 464 8 22
2361 7 0 0 52 466 8 20
2362 7 0 0 52 468 8 18
2363 7 0 0 52 468 8 18
2364 7 0 0 52 469 8 17
2365 7 0 0 52 470 8 16
2366 7 0 0 52 470 8 16
2367 7 0 0 52 470 8 16
2368 7 0 0 52 470 8 16
2369 7 0 0 52 470 8 16
2370 7 0 0 52 470 8 18
2371 7 0 0 52 470 8 18
2372 7 0 0 52 470 8 18
2373 7 0 0 52 471 8 17
2374 7 0 0 52 472 8 16
2375 7 0 0 52 472 8 16
2376 7 0 0 52 472 8 16
2377 7 0 0 52 472 8 18
2378 7 0 0 52 472 8 18
2379 7 0 0 52 474 8 18
2380 7 0 0 52 475 8 19
2381 7 0 0 52 475 8 19
2382 7 0 0 52 475 8 19
2383 7 0 0 52 476 8 20
2384 7 0 0 52 477 8 19
2385 7 0 0 52 478 8 18
2386 7 0 0 52 479 8 17
2387 7 0 0 52 480 8 16
2388 7 0 0 52 480 8 16
2389 7 0 0 52 480 8 16
2390 7 0 0 52 480 8 16
2391 7 0 0 52 480 8 16
2392 7 0 0 52 480 8 16
2393 7 0 0 52 480 8 16
2394 7 0 0 52 480 8 16
2395 7 0 0 52 480 8 16
2396 7 0 0 52 480 8 20
2397 7 0 0 52 482 8 20
2398 7 0 0 52 484 8 18
2399 7 0 0 52 484 8 18
2400 7 0 0 52 485 8 17
2401 7 0 0 52 482 9 18
2402 7 0 0 52 482 9 18
2403 7 0 0 52 483 9 17
2404 7 0 0 52 483 9 17
2405 7 0 0 52 483 9 17
2406 7 0 0 52 483 9 17
2407 7 0 0 52 483 9 17
2408 7 0 0 52 483 9 19
2409 7 0 0 52 483 9 19
2410 7 0 0 52 483 9 19
2411 7 0 0 52 484 9 18
2412 7 0 0 52 485 9 17
2413 7 0 0 52 485 9 17
2414 7 0 0 52 485 9 17
2415 7 0 0 52 485 9 19
2416 7 0 0 52 487 9 17
2417 7 0 0 52 487 9 19
2418 7 0 0 52 487 9 21
2419 7 0 0 52 487 9 21
2420 7 0 0 52 487 9 21
2421 7 0 0 52 489 9 21
2422 7 0 0 52 490 9 20
2423 7 0 0 52 490 9 20
2424 7 0 0 52 491 9 19
2425 7 0 0 52 493 9 17
2426 7 0 0 52 493 9 17
2427 7 0 0 52 493 9 17
2428 7 0 0 52 493 9 17
2429 7 0 0 52 493 9 17
2430 7 0 0 52 493 9 18
2431 7 0 0 52 493 9 18
2432 7 0 0 52 493 9 18
2433 7 0 0 52 493 9 18
2434 7 0 0 52 494 9 21
2435 7 0 0 52 494 9 23
2436 7 0 0 52 494 9 23
2437 7 0 0 52 494 9 23
2438 7 0 0 52 496 9 21
2439 7 0 0 52 499 9 19
2440 7 0 0 52 500 9 18
2441 7 0 0 52 500 9 18
2442 7 0 0 52 500 9 18
2443 7 0 0 52 500 9 18
2444 7 0 0 52 500 9 18
2445 7 0 0 52 500 9 18
2446 7 0 0 52 500 9 20
2447 7 0 0 52 500 9 20
2448 7 0 0 52 500 9 20
2449 7 0 0 52 500 9 20
2450 7 0 0 52 502 9 18
2451 7 0 0 52 502 9 18
2452 7 0 0 52 502 9 18
2453 7 0 0 52 502 9 20
2454 7 0 0 52 502 9 20
2455 7 0 0 52 504 9 20
2456 7 0 0 52 504 9 22
2457 7 0 0 52 504 9 22
2458 7 0 0 52 505 9 21
2459 7 0 0 52 507 9 21
2460 7 0 0 52 507 9 21
2461 7 0 0 52 507 9 21
2462 7 0 0 52 509 9 19
2463 7 0 0 52 510 9 18
2464 7 0 0 52 510 9 18
2465 7 0 0 52 510 9 18
2466 7 0 0 52 510 9 18
2467 7 0 0 52 510 9 18
2468 7 0 0 52 510 9 20
2469 7 0 0 52 510 9 20
2470 7 0 0 52 510 9 20
2471 7 0 0 52 510 9 20
2472 7 0 0 52 511 9 23
2473 7 0 0 52 512 9 24
2474 7 0 0 52 512 9 24
2475 7 0 0 52 513 9 23
2476 7 0 0 52 515 9 21
2477 7 0 0 52 516 9 20
2478 7 0 0 52 518 9 18
2479 7 0 0 52 518 9 18
2480 7 0 0 52 518 9 18
2481 7 0 0 52 518 9 18
2482 7 0 0 52 518 9 18
2483 7 0 0 52 518 9 18
2484 7 0 0 52 518 9 20
2485 7 0 0 52 518 9 20
2486 7 0 0 52 518 9 20
2487 7 0 0 52 520 9 18
2488 7 0 0 52 520 9 18
2489 7 0 0 52 520 9 18
2490 7 0 0 52 520 9 18
2491 7 0 0 52 520 9 20
2492 7 0 0 52 520 9 20
2493 7 0 0 52 520 9 22
2494 7 0 0 52 520 9 24
2495 7 0 0 52 524 9 20
2496 7 0 0 52 524 9 20
2497 7 0 0 52 526 9 20
2498 7 0 0 52 526 9 20
2499 7 0 0 52 526 9 20
2500 7 0 0 52 527 9 19
2501 7 0 0 52 528 9 18
2502 7 0 0 52 528 9 18
2503 7 0 0 52 528 9 18
2504 7 0 0 52 528 9 18
2505 7 0 0 52 528 9 18
2506 7 0 0 52 528 9 20
2507 7 0 0 52 528 9 20
2508 7 0 0 52 528 9 20
2509 7 0 0 52 528 9 20
2510 7 0 0 52 529 9 23
2511 7 0 0 52 530 9 24
2512 7 0 0 52 530 9 24
2513 7 0 0 52 531 9 23
2514 7 0 0 52 533 9 21
2515 7 0 0 52 533 9 21
2516 7 0 0 52 535 9 19
2517 7 0 0 52 535 9 19
2518 7 0 0 52 535 9 19
2519 7 0 0 52 535 9 19
2520 7 0 0 52 536 9 18
2521 7 0 0 52 536 9 18
2522 7 0 0 52 536 9 20
2523 7 0 0 52 536 9 20
2524 7 0 0 52 536 9 20
2525 7 0 0 52 536 9 20
2526 7 0 0 52 537 9 19
2527 7 0 0 52 538 9 18
2528 7 0 0 52 538 9 18
2529 7 0 0 52 538 9 20
2530 7 0 0 52 538 9 20
2531 7 0 0 52 538 9 22
2532 7 0 0 52 538 9 24
2533 7 0 0 52 540 9 22
2534 7 0 0 52 540 9 22
2535 7 0 0 52 542 9 22
2536 7 0 0 52 543 9 21
2537 7 0 0 52 543 9 21
2538 7 0 0 52 544 9 20
2539 7 0 0 52 546 9 18
2540 7 0 0 52 546 9 18
2541 7 0 0 52 546 9 18
2542 7 0 0 52 546 9 18
2543 7 0 0 52 546 9 18
2544 7 0 0 52 546 9 20
2545 7 0 0 52 546 9 20
2546 7 0 0 52 547 9 19
2547 7 0 0 52 547 9 19
2548 7 0 0 52 547 9 23
2549 7 0 0 52 548 9 24
2550 7 0 0 52 550 9 22
2551 7 0 0 52 550 9 22
2552 7 0 0 52 553 9 19
2553 7 0 0 52 554 9 18
2554 7 0 0 52 554 9 18
2555 7 0 0 52 554 9 18
2556 7 0 0 52 554 9 18
2557 7 0 0 52 554 9 18
2558 7 0 0 52 554 9 18
2559 7 0 0 52 554 9 18
2560 7 0 0 52 554 9 20
2561 7 0 0 52 555 9 19
2562 7 0 0 52 555 9 19
2563 7 0 0 52 555 9 19
2564 7 0 0 52 556 9 18
2565 7 0 0 52 556 9 18
2566 7 0 0 52 556 9 18
2567 7 0 0 52 556 9 20
2568 7 0 0 52 556 9 20
2569 7 0 0 52 557 9 21
2570 7 0 0 52 557 9 23
2571 7 0 0 52 558 9 22
2572 7 0 0 52 558 9 22
2573 7 0 0 52 560 9 22
2574 7 0 0 52 561 9 21
2575 7 0 0 52 561 9 21
2576 7 0 0 52 562 9 20
2577 7 0 0 52 564 9 18
2578 7 0 0 52 564 9 18
2579 7 0 0 52 564 9 18
2580 7 0 0 52 564 9 18
2581 7 0 0 52 564 9 18
2582 7 0 0 52 564 9 20
2583 7 0 0 52 564 9 20
2584 7 0 0 52 564 9 20
2585 7 0 0 52 564 9 20
2586 7 0 0 52 566 9 22
2587 7 0 0 52 566 9 24
2588 7 0 0 52 566 9 24
2589 7 0 0 52 566 9 24
2590 7 0 0 52 568 9 22
2591 7 0 0 52 570 9 20
2592 7 0 0 52 572 9 18
2593 7 0 0 52 572 9 18
2594 7 0 0 52 572 9 18
2595 7 0 0 52 572 9 18
2596 7 0 0 52 572 9 18
2597 7 0 0 52 572 9 18
2598 7 0 0 52 572 9 20
2599 7 0 0 52 574 9 18
2600 7 0 0 52 574 9 18
2601 7 0 0 52 574 9 18
2602 7 0 0 52 574 9 18
2603 7 0 0 52 574 9 18
2604 7 0 0 52 574 9 18
2605 7 0 0 52 574 9 20
2606 7 0 0 52 574 9 20
2607 7 0 0 52 574 9 22
2608 7 0 0 52 576 9 22
2609 7 0 0 52 578 9 20
2610 7 0 0 52 578 9 20
2611 7 0 0 52 578 9 22
2612 7 0 0 52 579 9 21
2613 7 0 0 52 579 9 21
2614 7 0 0 52 580 9 20
2615 7 0 0 52 582 9 18
2616 7 0 0 52 582 9 18
2617 7 0 0 52 582 9 18
2618 7 0 0 52 582 9 18
2619 7 0 0 52 582 9 18
2620 7 0 0 52 582 9 20
2621 7 0 0 52 582 9 20
2622 7 0 0 52 584 9 18
2623 7 0 0 52 584 9 18
2624 7 0 0 52 584 9 22
2625 7 0 0 52 584 9 24
2626 7 0 0 52 584 9 24
2627 7 0 0 52 584 9 24
2628 7 0 0 52 587 9 21
2629 7 0 0 52 588 9 20
2630 7 0 0 52 589 9 19
2631 7 0 0 52 590 9 18
2632 7 0 0 52 590 9 18
2633 7 0 0 52 590 9 18
2634 7 0 0 52 590 9 18
2635 7 0 0 52 590 9 18
2636 7 0 0 52 590 9 20
2637 7 0 0 52 591 9 19
2638 7 0 0 52 592 9 18
2639 7 0 0 52 592 9 18
2640 7 0 0 52 592 9 18
2641 7 0 0 52 592 9 18
2642 7 0 0 52 592 9 18
2643 7 0 0 52 592 9 20
2644 7 0 0 52 592 9 20
2645 7 0 0 52 592 9 22
2646 8 0 0 51 592 9 24
2647 8 0 0 51 594 9 22
2648 8 0 0 51 595 9 21
2649 8 0 0 51 596 9 22
2650 8 0 0 51 594 10 22
2651 8 0 0 51 595 10 21
2652 8 0 0 51 595 10 21
2653 8 0 0 51 597 10 19
2654 8 0 0 51 597 10 19
2655 8 0 0 51 597 10 19
2656 8 0 0 51 597 10 19
2657 8 0 0 51 597 10 19
2658 8 0 0 51 597 10 21
2659 8 0 0 51 597 10 21
2660 8 0 0 51 597 10 21
2661 8 0 0 51 598 10 20
2662 8 0 0 51 599 10 23
2663 8 0 0 51 599 10 25
2664 8 0 0 51 599 10 25
2665 8 0 0 51 599 10 25
2666 8 0 0 51 601 10 23
2667 8 0 0 51 603 10 21
2668 8 0 0 51 603 10 21
2669 8 0 0 51 605 10 19
2670 8 0 0 51 605 10 19
2671 8 0 0 51 605 10 19
2672 8 0 0 51 605 10 19
2673 8 0 0 51 605 10 19
2674 8 0 0 51 605 10 21
2675 8 0 0 51 605 10 21
2676 8 0 0 51 605 10 21
2677 8 0 0 51 605 10 21
2678 8 0 0 51 606 10 20
2679 8 0 0 51 607 10 20
2680 8 0 0 51 607 10 20
2681 8 0 0 51 607 10 22
2682 8 0 0 51 607 10 22
2683 8 0 0 51 608 10 23
2684 8 0 0 51 608 10 25
2685 8 0 0 51 609 10 24
2686 8 0 0 51 611 10 22
2687 8 0 0 51 612 10 23
2688 8 0 0 51 613 10 23
2689 8 0 0 51 613 10 23
2690 8 0 0 51 614 10 22
2691 8 0 0 51 615 10 21
2692 8 0 0 51 616 10 20
2693 8 0 0 51 616 10 20
2694 8 0 0 51 616 10 20
2695 8 0 0 51 616 10 20
2696 8 0 0 51 616 10 22
2697 8 0 0 51 616 10 22
2698 8 0 0 51 616 10 22
2699 8 0 0 51 616 10 22
2700 8 0 0 51 618 10 24
2701 8 0 0 51 618 10 26
2702 8 0 0 51 618 10 26
2703 8 0 0 51 618 10 26
2704 8 0 0 51 621 10 23
2705 8 0 0 51 622 10 22
2706 8 0 0 51 624 10 20
2707 8 0 0 51 624 10 20
2708 8 0 0 51 624 10 20
2709 8 0 0 51 624 10 20
2710 8 0 0 51 624 10 20
2711 8 0 0 51 624 10 20
2712 8 0 0 51 624 10 22
2713 8 0 0 51 624 10 22
2714 8 0 0 51 625 10 21
2715 8 0 0 51 625 10 21
2716 8 0 0 51 626 10 20
2717 8 0 0 51 626 10 22
2718 8 0 0 51 626 10 22
2719 8 0 0 51 626 10 24
2720 8 0 0 51 626 10 24
2721 8 0 0 51 626 10 26
2722 8 0 0 51 627 10 27
2723 8 0 0 51 629 10 25
2724 8 0 0 51 629 10 25
2725 8 0 0 51 630 10 26
2726 8 0 0 51 631 10 25
2727 8 0 0 51 633 10 23
2728 8 0 0 51 633 10 23
2729 8 0 0 51 635 10 21
2730 8 0 0 51 636 10 20
2731 8 0 0 51 636 10 20
2732 8 0 0 51 636 10 20
2733 8 0 0 51 636 10 20
2734 8 0 0 51 636 10 22
2735 8 0 0 51 636 10 22
2736 8 0 0 51 636 10 22
2737 8 0 0 51 638 10 20
2738 8 0 0 51 638 10 24
2739 8 0 0 51 640 10 24
2740 8 0 0 51 640 10 24
2741 8 0 0 51 641 10 23
2742 8 0 0 51 642 10 22
2743 8 0 0 51 643 10 21
2744 8 0 0 51 643 10 21
2745 8 0 0 51 644 10 20
2746 8 0 0 51 644 10 20
2747 8 0 0 51 644 10 20
2748 8 0 0 51 644 10 20
2749 8 0 0 51 644 10 20
2750 8 0 0 51 644 10 22
2751 8 0 0 51 646 10 20
2752 8 0 0 51 646 10 20
2753 8 0 0 51 646 10 20
2754 8 0 0 51 646 10 20
2755 8 0 0 51 646 10 22
2756 8 0 0 51 647 10 21
2757 8 0 0 51 647 10 23
2758 8 0 0 51 647 10 23
2759 8 0 0 51 648 10 24
2760 8 0 0 51 648 10 26
2761 8 0 0 51 650 10 24
2762 8 0 0 51 650 10 24
2763 8 0 0 51 652 10 24
2764 8 0 0 51 653 10 23
2765 8 0 0 51 654 10 22
2766 8 0 0 51 654 10 22
2767 8 0 0 51 655 10 21
2768 8 0 0 51 656 10 20
2769 8 0 0 51 656 10 20
2770 8 0 0 51 656 10 20
2771 8 0 0 51 656 10 20
2772 8 0 0 51 656 10 22
2773 8 0 0 51 656 10 22
2774 8 0 0 51 656 10 22
2775 8 0 0 51 656 10 22
2776 8 0 0 51 657 10 25
2777 8 0 0 51 658 10 26
2778 8 0 0 51 659 10 25
2779 8 0 0 51 659 10 25
2780 8 0 0 51 661 10 23
2781 8 0 0 51 663 10 21
2782 8 0 0 51 663 10 21
2783 8 0 0 51 664 10 20
2784 8 0 0 51 664 10 20
2785 8 0 0 51 664 10 20
2786 8 0 0 51 664 10 20
2787 8 0 0 51 664 10 20
2788 8 0 0 51 664 10 22
2789 8 0 0 51 664 10 22
2790 8 0 0 51 664 10 22
2791 8 0 0 51 664 10 22
2792 8 0 0 51 665 10 21
2793 8 0 0 51 666 10 22
2794 8 0 0 51 666 10 22
2795 8 0 0 51 666 10 24
2796 8 0 0 51 666 10 24
2797 8 0 0 51 667 10 25
2798 8 0 0 51 668 10 26
2799 8 0 0 51 670 10 24
2800 8 0 0 51 670 10 24
2801 8 0 0 51 670 10 26
2802 8 0 0 51 672 10 24
2803 8 0 0 51 673 10 23
2804 8 0 0 51 673 10 23
2805 8 0 0 51 675 10 21
2806 8 0 0 51 676 10 20
2807 8 0 0 51 676 10 20
2808 8 0 0 51 673 11 21
2809 8 0 0 51 673 11 21
2810 8 0 0 51 673 11 23
2811 8 0 0 51 673 11 23
2812 8 0 0 51 673 11 23
2813 8 0 0 51 673 11 23
2814 8 0 0 51 675 11 25
2815 8 0 0 51 677 11 25
2816 8 0 0 51 677 11 25
2817 8 0 0 51 677 11 25
2818 8 0 0 51 679 11 23
2819 8 0 0 51 680 11 22
2820 8 0 0 51 680 11 22
2821 8 0 0 51 681 11 21
2822 8 0 0 51 681 11 21
2823 8 0 0 51 681 11 21
2824 8 0 0 51 681 11 21
2825 8 0 0 51 681 11 21
2826 8 0 0 51 681 11 23
2827 8 0 0 51 682 11 22
2828 8 0 0 51 682 11 22
2829 8 0 0 51 682 11 22
2830 8 0 0 51 682 11 22
2831 8 0 0 51 684 11 23
2832 8 0 0 51 686 10 22
2833 8 0 0 51 684 11 25
2834 8 0 0 51 686 10 24
2835 8 0 0 51 684 11 26
2836 8 0 0 51 685 11 27
2837 8 0 0 51 686 11 26
2838 8 0 0 51 687 11 25
2839 8 0 0 51 688 11 26
2840 8 0 0 51 690 11 24
2841 8 0 0 51 691 11 23
2842 8 0 0 51 692 11 22
2843 8 0 0 51 692 11 22
2844 8 0 0 51 693 11 21
2845 8 0 0 51 693 11 21
2846 8 0 0 51 693 11 21
2847 8 0 0 51 693 11 21
2848 8 0 0 51 693 11 23
2849 8 0 0 51 693 11 23
2850 8 0 0 51 693 11 23
2851 8 0 0 51 693 11 23
2852 8 0 0 51 695 11 25
2853 8 0 0 51 696 11 26
2854 8 0 0 51 696 11 26
2855 8 0 0 51 696 11 26
2856 8 0 0 51 698 11 24
2857 8 0 0 51 699 11 23
2858 8 0 0 51 700 11 22
2859 8 0 0 51 701 11 21
2860 8 0 0 51 701 11 21
2861 8 0 0 51 701 11 21
2862 8 0 0 51 701 11 21
2863 8 0 0 51 701 11 21
2864 8 0 0 51 701 11 24
2865 8 0 0 51 698 12 25
2866 8 0 0 51 698 12 25
2867 8 0 0 51 698 12 25
2868 8 0 0 51 700 12 23
2869 8 0 0 51 701 12 24
2870 8 0 0 51 701 12 24
2871 8 0 0 51 701 12 26
2872 8 0 0 51 701 12 26
2873 8 0 0 51 703 12 28
2874 8 0 0 51 706 11 27
2875 8 0 0 51 704 12 27
2876 8 0 0 51 706 12 26
2877 8 0 0 51 709 11 26
2878 8 0 0 51 710 12 24
2879 8 0 0 51 713 11 22
2880 8 0 0 51 712 12 23
2881 8 0 0 51 714 11 21
2882 8 0 0 51 713 12 22
2883 8 0 0 51 714 11 21
2884 8 0 0 51 713 12 22
2885 8 0 0 51 714 11 21
2886 8 0 0 51 713 12 24
2887 8 0 0 51 714 11 23
2888 8 0 0 51 713 12 24
2889 8 0 0 51 715 11 22
2890 8 0 0 51 714 12 27
2891 8 0 0 51 716 11 27
2892 8 0 0 51 715 12 28
2893 8 0 0 51 716 11 27
2894 8 0 0 51 717 12 27
2895 8 0 0 51 720 11 24
2896 8 0 0 51 720 12 24
2897 8 0 0 51 722 11 22
2898 8 0 0 51 722 12 22
2899 8 0 0 51 723 11 21
2900 8 0 0 51 722 12 22
2901 8 0 0 51 723 11 21
2902 8 0 0 51 722 12 24
2903 8 0 0 51 724 11 24
2904 8 0 0 51 725 11 23
2905 8 0 0 51 726 10 22
2906 8 0 0 51 726 11 22
2907 8 0 0 51 728 10 22
2908 8 0 0 51 727 11 23
2909 8 0 0 51 728 10 24
2910 9 0 0 50 727 11 25
2911 9 0 0 50 729 10 25
2912 9 0 0 50 728 11 28
2913 9 0 0 50 732 10 24
2914 9 0 0 50 731 11 25
2915 9 0 0 50 733 10 25
2916 9 0 0 50 734 11 24
2917 9 0 0 50 735 10 23
2918 9 0 0 50 734 11 24
2919 9 0 0 50 737 10 21
2920 9 0 0 50 737 11 21
2921 9 0 0 50 738 10 20
2922 9 0 0 50 737 11 21
2923 9 0 0 50 738 10 20
2924 9 0 0 50 737 11 23
2925 9 0 0 50 738 10 22
2926 9 0 0 50 737 11 23
2927 9 0 0 50 738 10 22
2928 9 0 0 50 738 11 26
2929 9 0 0 50 741 10 25
2930 9 0 0 50 740 11 26
2931 9 0 0 50 741 10 25
2932 9 0 0 50 741 11 25
2933 9 0 0 50 745 10 21
2934 9 0 0 50 743 11 23
2935 9 0 0 50 746 10 20
2936 9 0 0 50 744 11 22
2937 9 0 0 50 746 10 20
2938 9 0 0 50 744 11 22
2939 9 0 0 50 746 10 20
2940 9 0 0 50 744 11 24
2941 9 0 0 50 746 10 22
2942 9 0 0 50 744 11 24
2943 9 0 0 50 746 10 22
2944 9 0 0 50 745 11 23
2945 9 0 0 50 748 10 22
2946 9 0 0 50 746 11 24
2947 9 0 0 50 748 10 24
2948 9 0 0 50 746 11 26
2949 9 0 0 50 749 10 25
2950 9 0 0 50 744 12 29
2951 9 0 0 50 750 11 23
2952 9 0 0 50 748 12 25
2953 9 0 0 50 752 11 23
2954 9 0 0 50 751 12 24
2955 9 0 0 50 753 11 22
2956 9 0 0 50 753 12 24
2957 9 0 0 50 757 10 21
2958 9 0 0 50 756 11 22
2959 9 0 0 50 758 10 20
2960 9 0 0 50 756 11 22
2961 9 0 0 50 758 10 20
2962 9 0 0 50 756 11 24
2963 9 0 0 50 758 10 22
2964 9 0 0 50 755 11 23
2965 9 0 0 50 755 11 23
2966 9 0 0 50 757 11 25
2967 9 0 0 50 757 11 27
2968 9 0 0 50 757 11 27
2969 9 0 0 50 758 11 26
2970 9 0 0 50 759 11 25
2971 9 0 0 50 762 11 22
2972 9 0 0 50 763 11 21
2973 9 0 0 50 763 11 21
2974 9 0 0 50 763 11 21
2975 9 0 0 50 763 11 21
2976 9 0 0 50 763 11 21
2977 9 0 0 50 763 11 21
2978 9 0 0 50 763 11 23
2979 9 0 0 50 763 11 23
2980 9 0 0 50 763 11 23
2981 9 0 0 50 763 11 23
2982 9 0 0 50 764 11 22
2983 9 0 0 50 765 11 23
2984 9 0 0 50 765 11 23
2985 9 0 0 50 765 11 25
2986 9 0 0 50 765 11 25
2987 9 0 0 50 766 11 26
2988 9 0 0 50 766 11 28
2989 9 0 0 50 767 11 27
2990 9 0 0 50 769 11 25
2991 9 0 0 50 771 11 25
2992 9 0 0 50 773 11 23
2993 9 0 0 50 773 11 24
2994 9 0 0 50 773 11 24
2995 9 0 0 50 774 11 23
2996 9 0 0 50 775 11 22
2997 9 0 0 50 776 11 21
2998 9 0 0 50 776 11 21
2999 9 0 0 50 776 11 21
3000 9 0 0 50 776 11 23
3001 9 0 0 50 776 11 23
3002 9 0 0 50 776 11 24
3003 9 0 0 50 778 11 22
3004 9 0 0 50 779 11 26
3005 9 0 0 50 781 10 26
3006 9 0 0 50 779 11 27
3007 9 0 0 50 781 10 26
3008 9 0 0 50 781 11 25
3009 9 0 0 50 785 10 22
3010 9 0 0 50 784 11 22
3011 9 0 0 50 787 10 20
3012 9 0 0 50 785 11 21
3013 9 0 0 50 787 10 20
3014 9 0 0 50 785 11 21
3015 9 0 0 50 787 10 20
3016 9 0 0 50 785 11 23
3017 9 0 0 50 787 10 22
3018 9 0 0 50 785 11 23
3019 9 0 0 50 787 10 22
3020 9 0 0 50 786 11 22
3021 9 0 0 50 789 10 22
3022 9 0 0 50 787 11 23
3023 9 0 0 50 789 10 24
3024 9 0 0 50 787 11 25
3025 9 0 0 50 790 10 25
3026 9 0 0 50 788 11 28
3027 9 0 0 50 792 10 25
3028 9 0 0 50 792 11 24
3029 9 0 0 50 796 10 23
3030 9 0 0 50 796 11 23
3031 9 0 0 50 797 10 22
3032 9 0 0 50 797 11 22
3033 9 0 0 50 798 10 21
3034 9 0 0 50 799 11 20
3035 9 0 0 50 799 10 20
3036 9 0 0 50 799 11 20
3037 9 0 0 50 799 10 20
3038 9 0 0 50 799 11 22
3039 9 0 0 50 800 10 21
3040 9 0 0 50 800 11 21
3041 9 0 0 50 800 10 21
3042 9 0 0 50 795 12 27
3043 9 0 0 50 795 12 29
3044 9 0 0 50 795 12 29
3045 9 0 0 50 795 12 29
3046 9 0 0 50 798 12 26
3047 9 0 0 50 800 12 24
3048 9 0 0 50 800 12 24
3049 9 0 0 50 801 12 23
3050 9 0 0 50 801 12 23
3051 9 0 0 50 801 12 23
3052 9 0 0 50 801 12 23
3053 9 0 0 50 801 12 23
3054 9 0 0 50 801 12 25
3055 9 0 0 50 801 12 25
3056 9 0 0 50 801 12 25
3057 9 0 0 50 801 12 25
3058 9 0 0 50 802 12 24
3059 9 0 0 50 802 12 26
3060 9 0 0 50 803 12 25
3061 9 0 0 50 803 12 27
3062 9 0 0 50 803 12 27
3063 9 0 0 50 804 12 28
3064 9 0 0 50 801 13 31
3065 9 0 0 50 802 13 30
3066 9 0 0 50 804 13 28
3067 9 0 0 50 806 13 28
3068 9 0 0 50 807 13 27
3069 9 0 0 50 808 13 26
3070 9 0 0 50 808 13 26
3071 9 0 0 50 811 13 27
3072 9 0 0 50 816 12 23
3073 9 0 0 50 819 11 21
3074 9 0 0 50 817 12 22
3075 9 0 0 50 819 11 21
3076 9 0 0 50 817 12 24
3077 9 0 0 50 819 11 23
3078 9 0 0 50 818 12 24
3079 9 0 0 50 819 11 23
3080 9 0 0 50 818 12 27
3081 9 0 0 50 819 12 28
3082 9 0 0 50 818 12 28
3083 9 0 0 50 818 12 28
3084 9 0 0 50 821 12 25
3085 9 0 0 50 822 12 24
3086 9 0 0 50 822 13 23
3087 9 0 0 50 824 12 22
3088 9 0 0 50 822 13 23
3089 9 0 0 50 824 12 22
3090 9 0 0 50 822 13 23
3091 9 0 0 50 824 12 22
3092 9 0 0 50 822 13 25
3093 9 0 0 50 824 12 25
3094 9 0 0 50 822 13 26
3095 9 0 0 50 824 12 25
3096 9 0 0 50 823 13 25
3097 9 0 0 50 826 12 25
3098 9 0 0 50 825 13 25
3099 9 0 0 50 827 12 26
3100 9 0 0 50 825 13 27
3101 9 0 0 50 828 12 27
3102 9 0 0 50 826 13 31
3103 9 0 0 50 829 12 29
3104 9 0 0 50 829 13 28
3105 9 0 0 50 832 12 28
3106 9 0 0 50 828 14 30
3107 9 0 0 50 831 13 27
3108 9 0 0 50 829 14 28
3109 9 0 0 50 832 13 26
3110 9 0 0 50 832 14 25
3111 9 0 0 50 835 13 25
3112 9 0 0 50 836 13 24
3113 9 0 0 50 837 13 24
3114 9 0 0 50 836 13 26
3115 9 0 0 50 835 13 26
3116 9 0 0 50 834 14 26
3117 9 0 0 50 836 13 25
3118 9 0 0 50 835 14 29
3119 9 0 0 50 837 13 30
3120 9 0 0 50 835 14 31
3121 9 0 0 50 837 13 30
3122 9 0 0 50 838 14 28
3123 9 0 0 50 842 13 25
3124 9 0 0 50 840 14 26
3125 9 0 0 50 843 13 24
3126 9 0 0 50 842 14 25
3127 9 0 0 50 843 13 24
3128 9 0 0 50 841 14 25
3129 9 0 0 50 843 13 24
3130 9 0 0 50 839 15 29
3131 9 0 0 50 843 13 28
3132 9 0 0 50 839 15 31
3133 9 0 0 50 841 14 29
3134 9 0 0 50 840 15 30
3135 9 0 0 50 843 14 30
3136 9 0 0 50 842 15 31
3137 9 0 0 50 844 14 31
3138 9 0 0 50 842 15 33
3139 9 0 0 50 846 14 31
3140 9 0 0 50 844 15 35
3141 9 0 0 50 847 14 32
3142 9 0 0 50 847 15 32
3143 9 0 0 50 851 14 30
3144 9 0 0 50 850 15 33
3145 9 0 0 50 853 14 30
3146 9 0 0 50 851 15 32
3147 9 0 0 50 855 14 28
3148 9 0 0 50 854 15 29
3149 9 0 0 50 856 14 27
3150 9 0 0 50 854 15 29
3151 9 0 0 50 856 14 27
3152 9 0 0 50 854 15 29
3153 9 0 0 50 856 14 28
3154 9 0 0 50 854 15 30
3155 9 0 0 50 856 14 28
3156 9 0 0 50 854 15 34
3157 9 0 0 50 856 14 34
3158 9 0 0 50 855 15 36
3159 9 0 0 50 859 13 34
3160 9 0 0 50 857 15 34
3161 9 0 0 50 861 14 32
3162 9 0 0 50 859 15 34
3163 9 0 0 50 862 14 31
3164 9 0 0 50 861 15 32
3165 9 0 0 50 864 14 29
3166 9 0 0 50 862 15 31
3167 9 0 0 50 865 14 28
3168 9 0 0 50 863 15 32
3169 9 0 0 50 866 14 31
3170 9 0 0 50 864 15 33
3171 9 0 0 50 866 14 31
3172 9 0 0 50 865 15 32
3173 9 0 0 50 868 14 33
3174 9 0 0 50 867 15 34
3175 9 0 0 50 870 14 33
3176 9 0 0 50 868 15 35
3177 9 0 0 50 873 14 32
3178 9 0 0 50 871 15 36
3179 9 0 0 50 875 14 32
3180 9 0 0 50 873 15 34
3181 9 0 0 50 877 14 32
3182 9 0 0 50 877 15 32
3183 9 0 0 50 880 14 29
3184 9 0 0 50 878 15 31
3185 9 0 0 50 881 14 28
3186 9 0 0 50 880 15 29
3187 9 0 0 50 882 14 27
3188 9 1 0 49 880 15 29
3189 9 1 0 49 883 14 28
3190 9 1 0 49 884 14 28
3191 9 1 0 49 885 14 27
3192 9 1 0 49 884 14 28
3193 9 1 0 49 885 14 27
3194 9 1 0 49 885 14 31
3195 9 1 0 49 885 14 33
3196 9 1 0 49 885 14 33
3197 9 1 0 49 885 14 35
3198 9 1 0 49 887 14 33
3199 9 1 0 49 891 14 31
3200 9 1 0 49 890 14 32
3201 9 1 0 49 891 14 31
3202 9 1 0 49 892 14 30
3203 9 1 0 49 895 14 27
3204 9 1 0 49 895 14 27
3205 9 1 0 49 896 14 26
3206 9 1 0 49 895 14 29
3207 9 1 0 49 896 14 30
3208 9 1 0 49 895 14 31
3209 9 1 0 49 896 14 30
3210 9 1 0 49 896 14 30
3211 9 1 0 49 899 14 31
3212 9 1 0 49 898 14 32
3213 9 1 0 49 900 14 32
3214 9 1 0 49 900 14 32
3215 9 1 0 49 903 14 31
3216 9 1 0 49 902 14 34
3217 9 1 0 49 905 14 31
3218 9 1 0 49 905 14 31
3219 9 1 0 49 907 14 31
3220 9 1 0 49 907 14 31
3221 9 1 0 49 909 14 29
3222 9 1 0 49 908 14 30
3223 9 1 0 49 911 14 27
3224 9 1 0 49 910 14 28
3225 9 1 0 49 911 14 27
3226 9 1 0 49 911 14 27
3227 9 1 0 49 912 14 26
3228 9 1 0 49 911 14 27
3229 9 1 0 49 912 14 26
3230 9 1 0 49 911 14 27
3231 9 1 0 49 912 14 26
3232 9 1 0 49 911 14 31
3233 9 1 0 49 912 14 32
3234 9 1 0 49 911 14 33
3235 9 1 0 49 912 14 34
3236 9 1 0 49 914 14 32
3237 9 1 0 49 917 14 31
3238 9 1 0 49 916 14 32
3239 9 1 0 49 917 14 31
3240 9 1 0 49 917 14 31
3241 9 1 0 49 921 14 27
3242 9 1 0 49 921 14 27
3243 9 1 0 49 922 14 26
3244 9 1 0 49 921 14 29
3245 9 1 0 49 922 14 30
3246 9 1 0 49 921 14 31
3247 9 1 0 49 922 14 30
3248 9 1 0 49 922 14 30
3249 9 1 0 49 925 14 31
3250 9 1 0 49 924 14 32
3251 9 1 0 49 925 14 33
3252 9 1 0 49 924 14 34
3253 9 1 0 49 928 14 32
3254 9 1 0 49 928 14 34
3255 9 1 0 49 931 14 31
3256 9 1 0 49 931 14 31
3257 9 1 0 49 934 14 30
3258 9 1 0 49 935 14 29
3259 9 1 0 49 936 14 28
3260 9 1 0 49 935 14 29
3261 9 0 1 49 937 14 27
3262 9 0 1 49 936 14 28
3263 9 0 1 49 938 14 26
3264 9 0 1 49 937 14 27
3265 9 0 1 49 938 14 26
3266 9 0 1 49 937 14 27
3267 9 0 1 49 938 14 26
3268 9 0 1 49 937 14 27
3269 9 0 1 49 938 14 26
3270 9 0 0 49 937 14 31
3271 9 0 0 49 938 14 32
3272 9 0 0 49 937 14 33
3273 9 0 0 49 938 14 34
3274 9 0 0 49 941 14 31
3275 9 0 0 49 944 14 30
3276 9 0 0 49 943 14 31
3277 9 0 0 49 945 14 29
3278 9 0 0 49 945 14 29
3279 9 2 0 49 947 14 27
3280 9 2 0 49 947 14 27
3281 9 2 0 49 948 14 26
3282 9 2 0 49 947 14 29
3283 9 2 0 49 947 14 31
3284 9 2 0 49 947 14 31
3285 9 2 0 49 948 14 30
3286 9 3 0 48 949 14 29
3287 9 3 0 48 951 14 31
3288 9 3 0 48 951 14 31
3289 9 3 0 48 951 14 33
3290 9 3 0 48 952 14 32
3291 9 3 0 48 955 14 31
3292 9 3 0 48 955 14 33
3293 9 3 0 48 956 14 32
3294 9 3 0 48 956 14 32
3295 9 3 0 48 958 14 32
3296 9 3 0 48 960 14 30
3297 9 3 0 48 961 14 29
3298 9 3 0 48 961 14 29
3299 9 3 0 48 962 14 28
3300 9 3 0 48 963 14 27
3301 9 3 0 48 963 14 27
3302 9 3 0 48 963 14 27
3303 9 3 0 48 963 14 27
3304 9 3 0 48 963 14 27
3305 9 3 0 48 963 14 27
3306 9 3 0 48 963 14 27
3307 9 3 0 48 963 14 27
3308 9 3 0 48 963 14 31
3309 9 3 0 48 963 14 33
3310 9 3 0 48 963 14 33
3311 9 3 0 48 963 14 35
3312 9 3 0 48 965 14 33
3313 9 3 0 48 968 14 32
3314 9 3 0 48 970 14 30
3315 9 3 0 48 970 14 30
3316 9 3 0 48 971 14 29
3317 9 3 0 48 971 14 29
3318 9 3 0 48 973 14 27
3319 9 3 0 48 973 14 27
3320 9 3 0 48 973 14 29
3321 9 3 0 48 974 14 30
3322 9 3 0 48 974 14 30
3323 9 3 0 48 974 14 30
3324 9 3 0 48 975 14 29
3325 9 3 0 48 977 14 31
3326 9 3 0 48 977 14 31
3327 9 3 0 48 977 14 33
3328 9 3 0 48 977 14 33
3329 9 3 0 48 980 14 32
3330 9 3 0 48 980 14 34
3331 9 3 0 48 982 14 32
3332 9 2 1 48 983 14 31
3333 9 2 1 48 984 14 32
3334 9 2 1 48 987 14 29
3335 9 2 1 48 987 14 29
3336 9 2 1 48 987 14 29
3337 9 2 1 48 988 14 28
3338 9 2 1 48 988 14 28
3339 9 2 1 48 988 14 28
3340 9 2 1 48 989 14 27
3341 9 2 0 48 989 14 27
3342 9 2 0 48 989 14 27
3343 9 2 0 48 989 14 27
3344 9 1 1 48 989 14 27
3345 9 1 1 48 989 14 27
3346 9 1 1 48 989 14 31
3347 9 1 1 48 989 14 33
3348 9 1 1 48 989 14 33
3349 9 1 1 48 989 14 35
3350 9 3 1 48 991 14 33
3351 9 3 1 48 992 14 34
3352 9 3 1 48 992 14 34
3353 9 3 0 48 993 14 33
3354 9 3 0 48 994 14 32
3355 9 3 0 48 997 14 29
3356 9 2 1 48 998 14 28
3357 9 2 1 48 999 14 27
3358 9 2 1 48 999 14 29
3359 9 2 1 48 999 14 31
3360 9 2 1 48 999 14 31
3361 9 2 1 48 999 14 31
3362 9 4 1 48 1000 14 30
3363 9 4 1 48 1003 14 31
3364 9 4 1 48 1003 14 31
3365 9 4 0 48 1003 14 33
3366 9 4 0 48 1003 14 33
3367 9 4 0 48 1006 14 32
3368 9 4 0 48 1006 14 34
3369 9 4 0 48 1008 14 32
3370 9 4 0 48 1009 14 31
3371 9 4 0 48 1010 14 32
3372 9 4 0 48 1012 14 30
3373 9 4 0 48 1013 14 29
3374 9 6 0 48 1013 14 29
3375 9 6 0 48 1014 14 28
3376 9 6 0 48 1014 14 28
3377 9 6 0 48 1014 14 28
3378 9 5 1 48 1015 14 27
3379 9 5 1 48 1015 14 27
3380 9 5 1 48 1015 14 27
3381 9 4 2 48 1015 14 27
3382 9 4 2 48 1015 14 27
3383 9 4 2 48 1015 14 27
3384 9 4 2 48 1015 14 31
3385 9 4 2 48 1016 14 31
3386 9 4 2 48 1017 14 31
3387 9 4 1 48 1017 14 33
3388 9 4 1 48 1018 14 32
3389 9 4 1 48 1021 14 31
3390 9 4 0 48 1021 14 31
3391 9 4 0 48 1022 14 30
3392 9 4 0 48 1023 14 29
3393 9 4 0 48 1024 14 28
3394 9 4 0 48 1024 14 28
3395 9 4 0 48 1024 14 28
3396 9 6 0 48 1024 14 30
3397 9 6 0 48 1025 14 31
3398 9 6 0 48 1025 14 31
3399 9 8 0 48 1025 14 31
3400 9 8 0 48 1027 14 29
3401 9 7 1 48 1029 14 31
3402 9 6 2 48 1029 14 31
3403 9 6 2 48 1029 14 33
3404 9 5 2 49 1030 14 32
3405 9 5 2 49 1032 14 32
3406 9 5 2 49 1033 14 33
3407 9 5 2 49 1035 14 31
3408 9 5 2 49 1035 14 31
3409 9 5 2 49 1037 14 31
3410 9 5 1 49 1038 14 30
3411 9 5 0 49 1040 14 28
3412 9 5 0 49 1040 14 28
3413 9 5 0 49 1040 14 28
3414 9 5 0 49 1041 14 27
3415 9 5 0 49 1041 14 27
3416 9 5 0 49 1041 14 27
3417 9 5 0 49 1041 14 27
3418 9 5 0 49 1041 14 27
3419 9 7 0 49 1041 14 27
3420 9 9 0 49 1041 14 27
3421 9 9 0 49 1041 14 27
3422 9 9 0 49 1041 14 31
3423 9 9 0 49 1041 14 33
3424 9 8 1 49 1041 14 33
3425 9 8 1 49 1038 15 37
3426 9 8 1 49 1040 15 35
3427 9 7 1 50 1043 15 34
3428 9 7 1 50 1045 15 32
3429 9 7 1 50 1045 15 32
3430 9 7 1 50 1046 15 31
3431 9 7 1 50 1048 15 29
3432 9 7 1 50 1048 15 29
3433 9 7 0 50 1048 15 29
3434 9 7 0 50 1048 15 31
3435 9 7 0 50 1048 15 33
3436 9 5 1 50 1048 15 33
3437 9 5 1 50 1048 15 33
3438 9 5 1 50 1051 15 30
3439 9 5 1 50 1052 15 33
3440 9 4 2 50 1051 15 34
3441 9 4 2 50 1052 15 35
3442 9 6 2 50 1051 15 36
3443 9 6 2 50 1054 15 35
3444 9 6 2 50 1054 15 37
3445 9 6 0 50 1057 15 34
3446 9 6 0 50 1057 15 34
3447 9 6 0 50 1059 15 34
3448 9 6 0 50 1061 15 32
3449 9 6 0 50 1062 15 31
3450 9 6 0 50 1061 15 32
3451 9 6 0 50 1063 15 30
3452 9 6 0 50 1062 15 31
3453 9 6 0 50 1064 15 29
3454 9 8 0 50 1063 15 32
3455 9 8 0 50 1064 15 31
3456 9 8 0 50 1063 15 32
3457 9 8 0 50 1064 15 31
3458 9 7 1 50 1064 15 31
3459 9 7 1 50 1065 15 30
3460 9 7 1 50 1064 15 35
3461 9 7 1 50 1065 15 36
3462 9 7 1 50 1064 15 37
3463 9 7 1 50 1065 15 38
3464 9 7 1 50 1066 15 37
3465 9 7 1 50 1068 15 37
3466 9 7 1 50 1070 15 35
3467 9 7 0 50 1072 15 33
3468 9 6 1 50 1073 15 33
3469 9 6 1 50 1079 14 27
3470 9 6 1 50 1076 15 28
3471 9 6 1 50 1076 15 28
3472 9 6 1 50 1076 15 30
3473 9 6 1 50 1076 15 32
3474 9 6 1 50 1076 15 32
3475 9 6 1 50 1076 15 32
3476 9 7 2 50 1078 15 30
3477 9 7 1 50 1079 15 33
3478 9 6 2 50 1080 15 32
3479 9 6 2 50 1080 15 34
3480 9 6 2 50 1081 15 33
3481 9 6 2 50 1083 15 33
3482 9 6 2 50 1084 15 34
3483 9 6 2 50 1084 15 34
3484 9 6 2 50 1086 15 32
3485 9 6 1 50 1088 15 32
3486 9 8 1 50 1089 15 31
3487 9 8 0 50 1089 15 31
3488 9 8 0 50 1089 15 31
3489 9 8 0 50 1091 15 29
3490 9 8 0 50 1092 15 28
3491 9 7 1 50 1092 15 28
3492 9 6 2 50 1092 15 28
3493 9 5 3 50 1092 15 28
3494 9 7 3 50 1092 15 28
3495 9 7 3 50 1092 15 28
3496 9 9 3 50 1092 15 28
3497 9 9 3 50 1092 15 28
3498 9 9 3 50 1092 15 32
3499 9 9 3 50 1093 15 34
3500 9 10 2 49 1092 15 34
3501 9 9 1 50 1093 15 36
3502 9 9 0 50 1094 15 34
3503 9 9 0 50 1100 15 30
3504 9 9 0 50 1099 15 30
3505 9 7 1 51 1101 15 29
3506 9 6 2 51 1101 15 28
3507 9 5 3 51 1102 15 28
3508 9 5 3 51 1102 15 28
3509 9 7 3 51 1103 15 28
3510 9 9 3 51 1102 15 30
3511 9 11 3 51 1103 15 32
3512 9 9 3 53 1102 15 32
3513 9 8 4 53 1103 15 32
3514 9 8 3 53 1103 15 31
3515 9 8 2 53 1106 15 33
3516 9 7 2 53 1106 15 32
3517 9 7 2 53 1107 15 34
3518 9 7 2 53 1104 16 36
3519 9 7 2 53 1106 16 36
3520 9 7 2 53 1107 16 37
3521 9 7 2 53 1108 16 36
3522 9 7 1 53 1110 16 34
3523 9 9 1 53 1111 16 35
3524 9 9 1 55 1112 16 34
3525 9 11 0 55 1112 16 34
3526 9 11 0 55 1112 16 34
3527 9 11 0 55 1112 16 34
3528 9 10 1 55 1112 16 34
3529 9 10 1 55 1113 16 33
3530 9 9 2 55 1115 16 31
3531 9 11 2 55 1108 16 30
3532 9 11 2 55 1108 16 30
3533 9 11 2 55 1109 16 29
3534 9 11 3 56 1109 16 29
3535 9 11 3 56 1109 16 29
3536 9 10 4 56 1106 16 33
3537 9 10 3 56 1107 16 37
3538 9 10 3 56 1111 15 33
3539 9 9 3 56 1110 16 36
3540 9 9 3 56 1113 15 33
3541 9 9 3 56 1102 16 30
3542 9 9 3 56 1102 15 30
3543 9 9 2 56 1104 16 28
3544 9 9 2 56 1104 15 28
3545 9 9 1 56 1105 16 27
3546 9 10 2 56 1105 15 27
3547 9 10 2 56 1105 16 30
3548 9 11 2 56 1110 14 27
3549 9 8 2 59 1106 17 32
3550 9 7 3 59 1107 15 31
3551 9 7 3 59 1106 17 32
3552 9 8 4 59 1105 16 32
3553 9 8 4 59 1105 18 36
3554 9 10 4 59 1107 16 34
3555 9 10 3 59 1106 18 37
3556 9 10 3 59 1107 16 36
3557 9 10 3 59 1108 18 37
3558 9 9 3 60 1111 16 35
3559 9 9 2 60 1109 18 36
3560 9 8 2 61 1111 17 34
3561 9 8 1 61 1114 18 33
3562 9 8 1 61 1114 17 34
3563 9 8 1 61 1119 17 29
3564 9 11 1 60 1117 17 31
3565 9 11 1 60 1120 17 29
3566 9 14 0 59 1120 16 29
3567 9 15 0 58 1120 17 28
3568 9 16 0 59 1118 17 30
3569 9 15 0 60 1118 17 30
3570 9 17 0 60 1118 17 30
3571 9 16 1 60 1119 16 28
3572 9 15 3 59 1114 18 32
3573 9 15 4 58 1115 17 30
3574 9 14 4 59 1114 18 36
3575 9 14 6 59 1113 17 37
3576 9 13 6 60 1111 19 39
3577 9 13 6 60 1113 17 39
3578 9 13 6 60 1113 19 39
3579 9 14 6 59 1118 17 35
3580 9 14 5 59 1118 18 35
3581 9 14 3 59 1120 17 35
3582 9 15 2 58 1119 18 36
3583 9 14 3 58 1121 17 34
3584 9 14 1 58 1119 18 34
3585 9 14 1 58 1120 18 33
3586 9 13 1 59 1120 18 35
3587 9 12 2 59 1120 18 37
3588 9 12 2 59 1120 18 39
3589 9 14 2 59 1120 18 39
3590 9 17 3 59 1120 18 39
3591 9 18 4 59 1122 18 41
3592 9 18 3 59 1122 18 41
3593 9 22 3 59 1122 18 43
3594 9 22 3 59 1123 18 42
3595 9 22 3 59 1122 17 41
3596 9 20 4 59 1124 17 42
3597 9 21 4 58 1126 17 40
3598 9 21 4 58 1129 17 38
3599 9 21 3 58 1135 16 32
3600 9 21 2 58 1133 17 32
3601 9 23 2 58 1133 17 34
3602 9 22 2 59 1133 17 34
3603 9 21 3 59 1133 17 34
3604 9 21 3 59 1133 17 35
3605 9 22 1 60 1134 17 34
3606 9 20 1 62 1134 17 34
3607 9 19 2 62 1134 17 34
3608 9 20 2 63 1135 17 33
3609 9 22 3 62 1135 17 33
3610 9 22 4 61 1135 17 33
3611 9 21 4 62 1135 17 33
3612 9 20 4 62 1135 17 37
3613 9 20 4 62 1135 17 41
3614 9 24 4 62 1135 17 41
3615 9 24 4 62 1135 17 43
3616 9 21 4 64 1137 17 41
3617 9 21 4 64 1135 17 36
3618 9 21 3 64 1136 17 35
3619 9 21 2 64 1138 17 35
3620 9 21 2 64 1138 17 35
3621 9 23 1 64 1138 17 35
3622 9 22 2 64 1139 17 36
3623 9 22 2 64 1142 16 33
3624 9 21 3 64 1140 17 35
3625 9 23 2 64 1142 17 36
3626 9 21 3 65 1146 16 34
3627 9 25 3 63 1146 16 34
3628 9 26 4 63 1146 16 34
3629 9 26 5 62 1146 16 39
3630 9 27 6 62 1149 16 36
3631 9 27 6 61 1149 16 38
3632 9 26 8 60 1149 16 38
3633 9 24 8 61 1153 16 36
3634 9 26 9 60 1154 16 37
3635 9 23 11 60 1157 16 35
3636 9 21 13 60 1160 15 33
3637 9 20 13 60 1157 17 34
3638 9 20 12 60 1160 16 32
3639 9 20 11 60 1159 17 35
3640 9 22 10 60 1161 16 34
3641 9 20 9 61 1159 17 35
3642 9 20 9 62 1145 16 34
3643 9 20 8 62 1144 17 34
3644 9 23 5 61 1146 16 33
3645 9 23 3 61 1145 17 34
3646 9 25 3 60 1152 15 29
3647 9 21 9 60 1153 16 29
3648 9 24 9 59 1155 14 27
3649 9 25 10 59 1155 16 28
3650 9 29 9 59 1156 14 30
3651 9 29 10 59 1155 16 34
3652 9 30 11 59 1155 14 32
3653 9 34 13 59 1152 17 37
3654 9 36 16 58 1157 14 32
3655 9 37 16 58 1157 17 33
3656 9 37 10 58 1158 13 28
3657 9 37 10 58 1095 16 32
3658 9 34 11 59 1048 11 23
3659 9 34 12 59 1038 15 28
3660 9 34 11 60 1043 11 23
3661 9 33 11 60 1040 15 26
3662 9 30 12 60 1034 11 22
3663 9 28 9 62 1022 15 27
3664 9 30 8 62 1027 11 22
3665 9 41 9 62 1022 15 27
3666 9 39 11 62 1026 11 23
3667 9 39 9 64 1021 15 31
3668 9 39 8 64 1024 12 28
3669 9 41 9 64 1021 15 33
3670 9 43 8 64 1025 12 29
3671 9 45 6 65 1024 15 30
3672 9 47 9 66 1029 12 27
3673 9 44 12 68 1030 14 26
3674 9 40 11 72 1029 13 24
3675 9 40 9 72 1029 14 25
3676 9 41 10 74 1034 12 20
3677 9 43 10 74 1021 14 29
3678 9 45 8 74 1025 13 26
3679 9 46 9 74 1014 17 31
3680 9 49 10 75 1017 15 29
3681 9 46 10 75 1016 17 30
3682 9 45 7 76 1018 15 28
3683 9 44 8 78 1015 17 30
3684 9 45 11 78 1018 15 28
3685 9 42 11 79 1015 17 31
3686 9 39 13 80 1018 15 28
3687 9 38 14 84 1015 17 31
3688 9 38 13 84 1019 15 31
3689 9 40 11 84 1016 17 34
3690 9 42 9 87 1019 15 31
3691 9 46 10 88 1017 17 35
3692 9 46 9 88 1023 14 27
3693 9 45 7 88 1020 16 28
3694 9 45 8 88 1022 15 25
3695 9 42 7 90 1024 16 24
3696 9 41 6 91 1025 15 23
3697 9 40 7 93 1023 15 25
3698 9 42 7 95 1021 16 27
3699 9 43 8 98 1023 15 25
3700 9 41 9 98 1019 16 28
3701 9 40 9 101 1021 15 26
3702 9 43 9 103 1019 16 28
3703 9 44 7 104 1021 15 26
3704 9 43 9 106 1019 16 28
3705 9 42 11 107 1019 15 30
3706 9 40 10 109 1010 15 30
3707 9 37 11 111 1011 14 33
3708 9 38 10 111 1009 15 37
3709 9 35 8 116 1014 14 32
3710 9 34 8 117 1014 15 32
3711 9 34 9 118 1016 14 29
3712 9 37 9 119 1013 16 30
3713 9 38 6 120 1015 15 29
3714 9 36 5 121 1014 15 27
3715 9 35 7 122 1012 16 29
3716 9 34 7 122 1012 16 28
3717 9 37 6 123 1011 16 28
3718 9 39 5 125 1010 16 28
3719 9 39 5 125 1011 16 28
3720 9 38 4 126 1010 16 28
3721 9 36 5 127 1011 16 28
3722 9 38 7 129 1009 17 29
3723 9 40 7 131 1009 17 30
3724 9 36 6 134 1010 16 29
3725 9 37 5 135 1009 17 29
3726 9 38 5 136 1010 18 34
3727 9 40 5 136 1009 17 35
3728 9 39 6 136 1010 18 34
3729 9 40 7 136 1008 17 37
3730 9 40 5 136 1013 17 32
3731 9 37 3 139 1013 17 33
3732 9 36 4 139 1011 17 31
3733 9 39 4 139 1007 20 34
3734 9 37 6 141 999 19 33
3735 9 35 6 143 999 20 34
3736 9 33 6 145 999 19 33
3737 9 32 5 146 999 20 34
3738 9 29 4 149 1000 19 33
3739 9 33 4 149 1002 19 32
3740 9 34 5 151 1000 19 32
3741 9 33 4 152 1002 19 34
3742 9 35 3 152 1000 19 34
3743 9 35 1 152 1003 19 37
3744 9 32 1 155 1000 19 42
3745 9 32 1 155 994 19 45
3746 9 34 1 155 994 19 46
3747 9 33 4 155 996 19 44
3748 9 32 4 156 997 19 43
3749 9 30 4 157 1001 19 40
3750 9 30 6 157 1001 19 39
3751 9 31 7 157 1003 19 39
3752 9 35 7 157 1003 19 38
3753 9 35 7 157 1006 19 37
3754 10 34 8 156 1007 18 36
3755 12 32 9 155 1008 19 36
3756 12 31 6 156 1010 18 33
3757 12 30 6 157 1010 19 34
3758 12 32 5 157 1007 19 35
3759 13 28 3 160 1004 21 37
3760 13 28 2 160 999 20 40
3761 13 25 3 162 1002 20 40
3762 13 24 3 163 999 20 43
3763 16 24 2 160 1000 21 42
3764 16 24 1 160 992 20 43
3765 18 30 1 158 990 21 44
3766 20 27 2 158 990 21 43
3767 22 29 2 156 993 21 43
3768 22 31 2 158 997 20 39
3769 23 32 3 157 997 21 39
3770 24 31 3 156 996 21 39
3771 25 30 3 156 999 21 37
3772 25 32 3 156 998 21 37
3773 26 34 3 155 999 21 37
3774 26 32 4 156 1000 21 36
3775 26 31 3 157 999 21 37
3776 26 27 4 160 1000 21 36
3777 27 27 4 159 999 21 37
3778 27 26 4 159 1000 21 36
3779 28 27 3 159 999 21 39
3780 30 26 4 157 1001 21 37
3781 30 26 4 157 1000 21 43
3782 30 26 4 157 1001 21 42
3783 31 25 4 156 1000 21 47
3784 31 27 4 156 999 20 41
3785 33 25 4 154 1000 20 38
3786 36 23 6 151 1003 20 37
3787 36 24 5 153 1000 20 38
3788 36 25 6 153 1004 20 37
3789 38 24 6 151 1002 20 40
3790 38 22 7 152 1004 20 39
3791 39 22 7 151 1003 20 40
3792 39 24 6 151 1006 20 38
3793 40 24 6 150 1005 20 37
3794 42 23 6 149 1005 21 38
3795 43 22 4 148 1006 20 37
3796 43 22 4 148 1008 21 37
3797 43 20 4 149 1008 20 36
3798 43 21 3 150 1008 22 40
3799 43 19 2 152 1010 20 40
3800 44 19 2 151 1009 22 43
3801 44 21 2 151 1007 21 43
3802 44 21 2 151 1008 23 46
3803 45 22 2 150 1014 19 41
3804 45 24 2 152 1015 22 41
3805 45 22 4 152 1018 18 40
3806 47 23 3 151 1018 22 40
3807 49 23 5 149 1019 20 39
3808 49 24 6 149 1020 22 38
3809 49 23 7 149 1022 20 36
3810 49 23 7 149 1021 22 37
3811 49 22 7 150 1023 20 35
3812 49 23 7 150 1021 22 37
3813 49 23 7 150 1023 20 35
3814 49 23 5 150 1022 22 36
3815 50 25 5 149 1022 20 35
3816 50 22 3 152 1019 21 34
3817 50 21 2 153 1020 19 36
3818 50 21 1 153 1020 21 37
3819 50 21 1 153 1021 19 40
3820 52 20 1 152 1020 21 42
3821 52 21 0 153 1022 19 43
3822 52 21 0 153 1023 21 43
3823 52 23 0 155 1023 19 40
3824 52 21 1 156 1026 21 38
3825 52 25 1 156 1025 20 40
3826 52 25 2 157 1027 21 41
3827 52 22 5 159 1027 20 43
3828 53 21 6 158 1028 21 42
3829 54 21 6 157 1029 20 41
3830 56 23 6 155 1033 21 37
3831 57 22 7 154 1034 20 36
3832 58 21 7 154 1036 21 34
3833 58 20 6 155 1035 20 35
3834 58 20 6 155 1036 21 34
3835 58 20 5 155 1035 20 36
3836 58 18 3 156 1036 21 39
3837 58 17 3 156 1035 20 40
3838 58 17 3 156 1036 21 41
3839 58 16 3 157 1038 20 39
3840 60 15 3 155 1040 21 41
3841 60 14 3 156 1038 20 43
3842 61 16 3 155 1042 21 39
3843 61 14 5 155 1037 21 45
3844 61 16 5 155 1039 23 42
3845 61 21 5 155 1036 22 44
3846 62 23 4 154 1032 22 39
3847 62 23 4 154 1033 21 38
3848 63 23 4 153 1034 22 37
3849 64 23 5 152 1033 21 38
3850 64 21 5 154 1034 22 37
3851 65 21 5 153 1032 22 39
3852 65 19 4 154 1034 22 37
3853 65 18 4 155 1032 22 40
3854 65 20 3 155 1034 22 38
3855 66 22 3 154 1032 22 43
3856 67 22 3 153 1034 22 41
3857 68 22 3 152 1032 22 47
3858 69 21 2 153 1034 22 46
3859 69 21 2 153 1032 22 51
3860 70 20 2 153 1034 22 49
3861 70 22 1 155 1036 22 46
3862 70 21 1 156 1041 22 43
3863 70 23 1 156 1040 22 46
3864 70 22 1 157 1044 22 46
3865 70 22 1 157 1043 22 49
3866 70 22 1 157 1045 22 47
3867 70 25 0 158 1045 22 47
3868 70 24 1 158 1051 22 41
3869 70 23 2 158 1051 22 41
3870 71 22 5 157 1053 22 39
3871 71 21 6 157 1051 22 41
3872 71 18 7 159 1054 22 40
3873 71 17 7 160 1053 22 43
3874 72 17 7 159 1054 22 44
3875 72 16 8 159 1051 22 45
3876 72 18 8 159 1052 23 46
3877 72 18 7 159 1052 22 46
3878 72 18 6 159 1054 24 47
3879 74 18 3 157 1052 23 49
3880 75 16 2 157 1053 25 47
3881 75 15 1 158 1052 24 50
3882 75 15 1 158 1057 25 45
3883 75 14 1 159 1056 24 46
3884 75 13 1 159 1058 25 44
3885 76 13 1 158 1057 24 44
3886 76 15 1 158 1057 26 44
3887 76 16 1 159 1057 24 44
3888 77 21 1 159 1057 26 44
3889 77 22 1 160 1051 24 42
3890 77 24 1 160 1053 25 40
3891 78 23 1 159 1051 24 42
3892 78 22 2 159 1050 26 43
3893 78 24 1 159 1051 24 45
3894 78 23 1 160 1050 26 46
3895 78 22 1 161 1050 24 50
3896 79 21 1 161 1053 26 48
3897 79 20 1 162 1053 24 51
3898 79 20 1 162 1053 26 51
3899 79 20 1 162 1056 24 48
3900 79 20 1 162 1057 26 48
3901 79 19 0 163 1063 23 44
3902 79 20 1 163 1061 26 48
3903 80 18 2 163 1060 24 50
3904 80 17 2 163 1059 26 51
3905 82 17 2 161 1059 25 51
3906 82 17 2 161 1064 26 46
3907 83 16 2 161 1066 25 46
3908 83 15 3 161 1068 26 44
3909 84 14 3 161 1067 25 47
3910 84 16 3 161 1068 26 48
3911 84 16 2 161 1068 25 50
3912 84 16 1 161 1067 27 52
3913 85 16 1 160 1069 26 51
3914 85 15 1 161 1073 27 49
3915 85 14 1 162 1070 27 51
3916 85 14 1 162 1074 28 51
3917 85 14 0 162 1074 27 52
3918 85 14 0 162 1077 27 49
3919 85 13 0 163 1073 27 55
3920 85 15 0 163 1080 27 49
3921 85 15 0 165 1077 27 52
3922 85 15 0 165 1082 27 47
3923 85 15 0 165 1080 27 49
3924 85 15 0 165 1085 27 44
3925 85 15 0 165 1082 27 47
3926 85 15 2 165 1085 27 44
3927 85 15 2 165 1082 27 47
3928 85 14 2 166 1085 27 44
3929 85 14 2 166 1082 27 47
3930 85 14 2 166 1085 27 44
3931 85 14 2 166 1082 27 51
3932 85 14 2 166 1086 27 48
3933 85 14 2 166 1086 26 53
3934 85 14 2 166 1088 27 52
3935 85 14 0 166 1089 26 53
3936 85 15 0 165 1090 27 52
3937 85 15 0 165 1091 26 51
3938 85 14 1 165 1093 27 49
3939 85 13 1 166 1094 26 50
3940 85 13 1 166 1096 27 52
3941 85 13 1 166 1095 26 56
3942 85 13 1 166 1094 27 57
3943 85 13 1 166 1093 27 58
3944 85 17 1 166 1102 27 51
3945 85 17 1 166 1101 27 54
3946 85 14 2 168 1105 27 50
3947 86 14 1 167 1103 27 54
3948 86 13 1 168 1106 27 55
3949 86 12 2 168 1105 27 58
3950 86 11 2 169 1108 27 58
3951 86 11 2 169 1105 27 59
3952 86 11 2 169 1110 27 56
3953 86 11 2 169 1111 27 55
3954 86 11 2 169 1114 27 56
3955 86 11 1 169 1114 27 57
3956 86 13 1 169 1120 26 52
3957 86 13 1 169 1117 27 57
3958 86 12 1 169 1123 26 51
3959 86 12 1 169 1121 27 53
3960 86 12 1 169 1124 26 50
3961 86 12 1 169 1121 28 52
3962 86 12 1 169 1125 27 48
3963 86 12 1 169 1121 28 52
3964 86 12 1 171 1126 27 47
3965 86 11 1 172 1123 28 50
3966 86 11 1 172 1127 27 46
3967 86 12 1 172 1123 28 50
3968 86 12 1 172 1127 27 46
3969 86 12 1 172 1123 28 53
3970 86 12 1 172 1126 27 50
3971 86 11 2 172 1123 28 57
3972 86 11 2 172 1126 27 55
3973 86 10 3 172 1125 28 58
3974 86 10 3 172 1129 27 54
3975 86 10 3 172 1128 28 55
3976 86 12 2 172 1133 27 50
3977 86 11 2 173 1131 28 54
3978 86 11 2 173 1134 27 55
3979 86 10 2 174 1131 28 62
3980 86 10 1 174 1135 27 60
3981 86 10 1 174 1133 28 62
3982 86 10 0 174 1138 27 59
3983 86 10 0 174 1140 28 59
3984 86 10 0 174 1141 28 57
3985 86 13 0 173 1141 29 59
3986 86 13 0 173 1146 28 58
3987 86 13 0 173 1144 29 62
3988 86 13 0 173 1146 28 62
3989 86 15 0 173 1147 29 61
3990 86 14 1 173 1151 28 61
3991 86 15 2 173 1151 29 61
3992 86 14 2 174 1154 28 62
3993 86 15 2 173 1152 29 63
3994 86 15 2 173 1156 29 59
3995 86 15 2 173 1157 29 60
3996 86 14 3 173 1160 29 57
3997 86 14 3 173 1160 29 57
3998 86 14 3 173 1161 29 56
3999 86 14 2 173 1160 30 56
4000 86 14 1 173 1160 30 56
