591.798 455.988 5.295 9.953 12.0829 0.1 0 75 3 1 -6.51237e-10 -4.69493e-10 0 0 10 6.95293e-310 0 0
597.212 416.765 5.295 9.953 12.0829 0.1 0 161 3 1 2.69626e-11 -8.16234e-10 0 0 6.9513e-310 6.9513e-310 0 0
596.555 436.66 5.295 9.953 12.0829 0.1 0 94 3 1 -1.3856e-11 -6.12723e-10 0 0 6.9513e-310 6.9513e-310 0 0
614.609 428.276 5.295 9.953 12.0829 0.1 0 90 3 1 1.96695e-10 -5.08509e-10 0 0 -0.0592936 -0.00602625 0 0
624.345 445.639 5.295 9.953 12.0829 0.1 0 67 3 1 1.43532e-10 -3.18913e-10 0 0 2.68156e+154 2.68156e+154 0 0
611.171 460.561 5.295 9.953 12.0829 0.1 0 52 3 1 -4.4896e-10 -5.26429e-10 0 0 10 6.95293e-310 0 0
639.123 432.302 5.295 9.953 12.0829 0.1 0 75 3 1 3.53481e-10 -3.19022e-10 0 0 6.9513e-310 6.9513e-310 0 0
643.082 452.361 5.295 9.953 12.0829 0.1 0 49 3 1 2.54413e-10 -1.83948e-10 0 0 10 6.95293e-310 0 0
661.112 428.823 5.295 9.953 12.0829 0.1 0 90 3 1 -1.4465e-10 -1.01403e-10 0 0 6.9513e-310 6.9513e-310 0 0
677.411 440.249 5.295 9.953 12.0829 0.1 0 77 3 1 4.63444e-10 -8.03532e-10 0 0 2.68156e+154 2.68156e+154 0 0
662.941 453.918 5.295 9.953 12.0829 0.1 0 51 3 1 1.73941e-10 -7.34958e-10 0 0 10 6.95293e-310 0 0
697.313 440.64 5.295 9.953 12.0829 0.1 0 110 3 1 6.26198e-10 1.2295e-11 0 0 6.9513e-310 6.9513e-310 0 0
685.204 458.968 5.295 9.953 12.0829 0.1 0 64 3 1 8.98701e-12 -9.28034e-12 0 0 10 6.95293e-310 0 0
587.932 475.515 5.295 9.953 12.0829 0.1 0 65 3 1 -1.14315e-09 -2.43289e-10 0 0 10 6.95293e-310 0 0
607.305 480.088 5.295 9.953 12.0829 0.1 0 44 3 1 -8.61352e-10 -3.475e-10 0 0 10 6.95293e-310 0 0
651.664 470.321 5.295 9.953 12.0829 0.1 0 36 3 1 4.7988e-10 -1.39348e-10 0 0 6.9513e-310 6.9513e-310 0 0
629.643 467.98 5.295 9.953 12.0829 0.1 0 38 3 1 -5.32335e-11 -1.01593e-09 0 0 10 6.95293e-310 0 0
671.356 473.268 5.295 9.953 12.0829 0.1 0 41 3 1 -8.98701e-12 9.28034e-12 0 0 10 6.95293e-310 0 0
704.067 465.381 5.295 9.953 12.0829 0.1 0 82 3 1 3.25347e-10 -7.15001e-10 0 0 6.9513e-310 6.9513e-310 0 0
695.823 483.5 5.295 9.953 12.0829 0.1 0 65 3 1 7.43167e-10 -3.03971e-10 0 0 10 6.95293e-310 0 0
583.535 494.929 5.295 9.953 12.0829 0.1 0 66 3 2 -5.78791e-10 2.07747e-10 0 0 10 6.95293e-310 0 0
602.39 501.311 5.295 9.953 12.0829 0.1 0 43 3 1 -6.89051e-10 1.49899e-09 0 0 6.9513e-310 6.9513e-310 0 0
621.079 494.458 5.295 9.953 12.0829 0.1 0 34 3 1 -8.08611e-10 1.08194e-10 0 0 10 6.95293e-310 0 0
638.905 485.6 5.295 9.953 12.0829 0.1 1 1620 0 0 -4.79704e-10 -4.85112e-10 0 0 2.68156e+154 6.9513e-310 0 0
645.306 504.556 5.295 9.953 12.0829 0.1 1 648 0 0 1.93368e-10 -4.89338e-10 0 0 10 6.95293e-310 0 0
658.515 489.011 5.295 9.953 12.0829 0.1 1 941 0 0 -7.59692e-11 1.91541e-10 0 0 1.29075e-231 6.9513e-310 0 0
664.933 507.881 5.295 9.953 12.0829 0.1 1 1140 0 0 2.1991e-10 -4.1569e-10 0 0 10 6.95293e-310 0 0
678.101 492.564 5.295 9.953 12.0829 0.1 1 2177 0 0 4.96737e-10 -3.71023e-11 0 0 3.09872e-303 8.48798e-314 0 0
715.728 483.301 5.295 9.953 12.0829 0.1 0 91 3 1 9.63874e-10 -2.53708e-10 0 0 2.68156e+154 2.68156e+154 0 0
713.956 503.128 5.295 9.953 12.0829 0.1 0 98 3 1 1.08335e-09 -1.30226e-10 0 0 6.9513e-310 6.9513e-310 0 0
720.417 521.956 5.295 9.953 12.0829 0.1 0 105 3 1 2.62353e-10 2.857e-10 0 0 10 6.95293e-310 0 0
550.272 516.801 5.295 9.953 12.0829 0.1 0 157 3 1 -9.80411e-10 6.33065e-10 0 0 6.9513e-310 6.9513e-310 0 0
566.995 506.003 5.295 9.953 12.0829 0.1 0 91 3 1 -1.0877e-09 1.56512e-11 0 0 2.68156e+154 2.68156e+154 0 0
581.359 519.784 5.295 9.953 12.0829 0.1 0 79 3 1 -9.20861e-10 1.00765e-10 0 0 2.68156e+154 2.68156e+154 0 0
601.031 522.827 5.295 9.953 12.0829 0.1 0 51 3 1 -8.30475e-10 1.25351e-09 0 0 6.9513e-310 6.9513e-310 0 0
583.94 539.522 5.295 9.953 12.0829 0.1 0 73 3 1 -1.59829e-10 8.15416e-11 0 0 10 6.95293e-310 0 0
618.996 514.254 5.295 9.953 12.0829 0.1 0 40 3 1 -7.78415e-10 5.4334e-10 0 0 2.68156e+154 2.68156e+154 0 0
620.551 534.099 5.295 9.953 12.0829 0.1 0 46 3 1 3.27177e-10 6.61604e-10 0 0 10 6.95293e-310 0 0
637.038 522.664 5.295 9.953 12.0829 0.1 1 1393 0 0 6.32151e-11 -3.6657e-10 0 0 6.9513e-310 2.68156e+154 0 0
643.955 541.329 5.295 9.953 12.0829 0.1 0 42 3 1 1.98239e-10 -8.5134e-11 0 0 10 6.95293e-310 0 0
656.664 525.988 5.295 9.953 12.0829 0.1 1 1828 0 0 3.26386e-10 -1.97682e-10 0 0 10 6.95293e-310 0 0
694.092 504.418 5.295 9.953 12.0829 0.1 0 54 3 1 8.53611e-10 1.81926e-10 0 0 2.68156e+154 2.68156e+154 0 0
680.643 520.736 5.295 9.953 12.0829 0.1 0 52 3 1 -0 -0 0 0 6.9513e-310 6.9513e-310 0 0
700.553 523.246 5.295 9.953 12.0829 0.1 0 68 3 1 2.01013e-10 7.46661e-10 0 0 10 6.95293e-310 0 0
603.32 544.066 5.295 9.953 12.0829 0.1 0 64 3 1 -8.75093e-11 1.93584e-10 0 0 6.9513e-310 6.9513e-310 0 0
591.335 561.678 5.295 9.953 12.0829 0.1 0 91 3 1 -3.23573e-10 5.15641e-11 0 0 6.9513e-310 6.9513e-310 0 0
572.342 555.719 5.295 9.953 12.0829 0.1 0 121 3 1 -4.24327e-10 -1.33145e-10 0 0 10 6.95293e-310 0 0
611.123 563.837 5.295 9.953 12.0829 0.1 0 76 3 1 -1.49653e-10 2.73365e-10 0 0 -0.0592936 -0.00602625 0 0
608.825 583.61 5.295 9.953 12.0829 0.1 0 122 3 1 -5.07087e-11 4.36361e-10 0 0 10 6.95293e-310 0 0
627.718 552.844 5.295 9.953 12.0829 0.1 0 56 3 1 -7.423e-12 4.96239e-11 0 0 2.68156e+154 2.68156e+154 0 0
671.989 538.691 5.295 9.953 12.0829 0.1 0 48 3 1 2.99619e-10 2.53425e-10 0 0 2.68156e+154 2.68156e+154 0 0
659.29 554.02 5.295 9.953 12.0829 0.1 0 57 3 1 2.97783e-10 2.76066e-10 0 0 6.9513e-310 2.68156e+154 0 0
656.002 576.79 5.295 9.953 12.0829 0.1 0 89 3 1 -0 -0 0 0 2.68156e+154 2.68156e+154 0 0
692.635 580.356 5.295 9.953 12.0829 0.1 0 126 3 1 4.57826e-11 -1.46495e-11 0 0 8.34403e-309 -1 0 0
673.676 586.422 5.295 9.953 12.0829 0.1 0 110 3 1 2.16072e-10 6.81163e-10 0 0 6.9513e-310 6.9513e-310 0 0
663.93 603.779 5.295 9.953 12.0829 0.1 0 171 3 1 -3.30298e-10 5.88187e-10 0 0 10 6.95293e-310 0 0
705.382 542.557 5.295 9.953 12.0829 0.1 0 90 3 1 1.11942e-09 7.74157e-10 0 0 0 0 0 0
687.459 551.217 5.295 9.953 12.0829 0.1 0 74 3 1 6.13208e-10 2.26061e-10 0 0 6.9513e-310 6.9513e-310 0 0
674.76 566.546 5.295 9.953 12.0829 0.1 0 78 3 1 5.11575e-10 4.42459e-10 0 0 10 6.95293e-310 0 0
80 235 2.6475 4.9765 6.04147 0.1 0 0 7 7 -0 -0.0266735 0 0 9.73472e-309 2.21006e-314 0 0
80 244 2.6475 4.9765 6.04147 0.1 0 0 7 7 -0 -0 0 0 1.5724e-311 3.62225e-311 0 0
80 253 2.6475 4.9765 6.04147 0.1 0 0 7 7 -0 -0 0 0 2.00391 6.9513e-310 0 0
80 262 2.6475 4.9765 6.04147 0.1 0 0 7 7 -0 -0 0 0 2.68156e+154 4.67051e-311 0 0
80 271 2.6475 4.9765 6.04147 0.1 0 0 7 7 -0 -0 0 0 2.32036e+77 5.34743e-311 0 0
80 280 2.6475 4.9765 6.04147 0.1 0 0 7 7 -0 -0 0 0 2.68156e+154 6.95293e-310 0 0
80 289 2.6475 4.9765 6.04147 0.1 0 0 7 7 -0 -0 0 0 1.49458e-154 5.73151e-311 0 0
80 298 2.6475 4.9765 6.04147 0.1 0 0 7 7 -0 -0 0 0 2.44666e-311 3.63073e-311 0 0
80 307 2.6475 4.9765 6.04147 0.1 0 0 7 7 -0 -0 0 0 -3.1111e+231 5.65724e-311 0 0
80 316 2.6475 4.9765 6.04147 0.1 0 0 7 7 -0 -0 0 0 8.38891e-309 4.47317e-311 0 0
80 325 2.6475 4.9765 6.04147 0.1 0 0 7 7 -0 -0 0 0 1.33686e-311 4.48166e-311 0 0
80 334 2.6475 4.9765 6.04147 0.1 0 0 7 7 -0 -0 0 0 6.95123e-310 2.68156e+154 0 0
80 343 2.6475 4.9765 6.04147 0.1 0 0 7 7 -0 -0 0 0 8.34405e-309 1.73061e-77 0 0
80 352 2.6475 4.9765 6.04147 0.1 0 0 7 7 -0 -0 0 0 -1.49458e-154 3.33578e-311 0 0
80 361 2.6475 4.9765 6.04147 0.1 0 0 7 7 -0 -0 0 0 4.49014e-311 2.68156e+154 0 0
80 370 2.6475 4.9765 6.04147 0.1 0 0 7 7 -0 -0 0 0 4.72828e-308 3.39519e-312 0 0
80 379 2.6475 4.9765 6.04147 0.1 0 0 7 7 -0 -0 0 0 3.35488e-311 4.16972e-311 0 0
80 388 2.6475 4.9765 6.04147 0.1 0 0 7 7 -0 -0 0 0 6.95123e-310 6.9513e-310 0 0
80 397 2.6475 4.9765 6.04147 0.1 0 0 7 7 -0 -0 0 0 6.9513e-310 2.68156e+154 0 0
80 406 2.6475 4.9765 6.04147 0.1 0 0 7 7 -0 -0 0 0 2.68156e+154 6.9513e-310 0 0
80 415 2.6475 4.9765 6.04147 0.1 0 0 7 7 -0 -0 0 0 2.68156e+154 5.45565e-311 0 0
80 424 2.6475 4.9765 6.04147 0.1 0 0 7 7 -0 -0 0 0 0 1.49458e-154 0 0
80 433 2.6475 4.9765 6.04147 0.1 0 0 7 7 -0 -0 0 0 2.68156e+154 5.63602e-311 0 0
80 442 2.6475 4.9765 6.04147 0.1 0 0 7 7 -0 -0 0 0 4.1676e-311 4.49863e-311 0 0
80 451 2.6475 4.9765 6.04147 0.1 0 0 7 7 -0 -0 0 0 6.95123e-310 6.9513e-310 0 0
80 460 2.6475 4.9765 6.04147 0.1 0 0 7 7 -0 -0 0 0 4.17204e-309 2.05621e-311 0 0
80 469 2.6475 4.9765 6.04147 0.1 0 0 7 7 -0 -0 0 0 2.21006e-314 1.49458e-154 0 0
80 478 2.6475 4.9765 6.04147 0.1 0 0 7 7 -0 -0 0 0 4.53895e-311 2.68156e+154 0 0
80 487 2.6475 4.9765 6.04147 0.1 0 0 7 7 -0 -0 0 0 1.25615e-308 1.79309e-311 0 0
80 496 2.6475 4.9765 6.04147 0.1 0 0 7 7 -0 -0 0 0 1.78672e-311 3.32305e-311 0 0
80 505 2.6475 4.9765 6.04147 0.1 0 0 7 7 -0 -0 0 0 2.60581e-311 4.14001e-311 0 0
80 514 2.6475 4.9765 6.04147 0.1 0 0 7 7 -0 -0 0 0 2.68156e+154 -1.73061e-77 0 0
80 523 2.6475 4.9765 6.04147 0.1 0 0 7 7 -0 -0 0 0 3.89388e-308 2.56761e-312 0 0
80 532 2.6475 4.9765 6.04147 0.1 0 0 7 7 -0 -0 0 0 9.7347e-309 1.91828e-311 0 0
80 541 2.6475 4.9765 6.04147 0.1 0 0 7 7 -0 -0 0 0 2.68156e+154 1.73061e-77 0 0
80 550 2.6475 4.9765 6.04147 0.1 0 0 7 7 -0 -0 0 0 6.96583e-309 1.24773e-311 0 0
80 559 2.6475 4.9765 6.04147 0.1 0 0 7 7 -0 -0 0 0 1.51305e-306 4.26521e-312 0 0
80 568 2.6475 4.9765 6.04147 0.1 0 0 7 7 -0 -0 0 0 3.00687e-311 2.6868e+154 0 0
80 577 2.6475 4.9765 6.04147 0.1 0 0 7 7 -0 -0 0 0 2.54639e-312 2.68156e+154 0 0
80 586 2.6475 4.9765 6.04147 0.1 0 0 7 7 -0 -0 0 0 2.81793e-309 0 0 0
80 595 2.6475 4.9765 6.04147 0.1 0 0 7 7 -0 -0 0 0 2.81793e-309 0 0 0
80 604 2.6475 4.9765 6.04147 0.1 0 0 7 7 -0 -0 0 0 6.9513e-310 -4.34456e-311 0 0
80 613 2.6475 4.9765 6.04147 0.1 0 0 7 7 -0 -0 0 0 4.58351e-311 2.68156e+154 0 0
80 622 2.6475 4.9765 6.04147 0.1 0 0 7 7 -0 -0 0 0 2.6868e+154 6.95293e-310 0 0
80 631 2.6475 4.9765 6.04147 0.1 0 0 7 7 -0 -0 0 0 2.68156e+154 -2.6868e+154 0 0
80 640 2.6475 4.9765 6.04147 0.1 0 0 7 7 -0 -0 0 0 8.34403e-309 1.39203e-311 0 0
80 649 2.6475 4.9765 6.04147 0.1 0 0 7 7 -0 -0 0 0 2.68857e-311 2.69281e-311 0 0
80 658 2.6475 4.9765 6.04147 0.1 0 0 7 7 -0 -0 0 0 6.95123e-310 6.9513e-310 0 0
80 667 2.6475 4.9765 6.04147 0.1 0 0 7 7 -0 -0 0 0 8.46918e-307 3.35275e-312 0 0
80 676 2.6475 4.9765 6.04147 0.1 0 0 7 7 -0 -0 0 0 2.32036e+77 6.95293e-310 0 0
80 685 2.6475 4.9765 6.04147 0.1 0 0 7 7 -0 -0 0 0 4.60685e-311 2.68156e+154 0 0
80 694 2.6475 4.9765 6.04147 0.1 0 0 7 7 -0 -0 0 0 4.6111e-311 5.54478e-311 0 0
80 703 2.6475 4.9765 6.04147 0.1 0 0 7 7 -0 -0 0 0 4.62171e-311 2.68156e+154 0 0
80 712 2.6475 4.9765 6.04147 0.1 0 0 7 7 -0 -0 0 0 4.62383e-311 2.68156e+154 0 0
80 721 2.6475 4.9765 6.04147 0.1 0 0 7 7 -0 -0 0 0 4.41019e-311 -1.49458e-154 0 0
80 730 2.6475 4.9765 6.04147 0.1 0 0 7 7 -0 -0 0 0 3.3188e-311 4.62383e-311 0 0
80 739 2.6475 4.9765 6.04147 0.1 0 0 7 7 -0 -0 0 0 6.98826e-309 3.84293e-311 0 0
80 748 2.6475 4.9765 6.04147 0.1 0 0 7 7 -0 -0 0 0 -3.1111e+231 5.19465e-311 0 0
80 757 2.6475 4.9765 6.04147 0.1 0 0 7 7 -0 -0 0 0 5.57137e-308 2.51032e-311 0 0
80 766 2.6475 4.9765 6.04147 0.1 0 0 7 7 -0 -0 0 0 -2.32036e+77 4.50288e-311 0 0
80 775 2.6475 4.9765 6.04147 0.1 0 0 7 7 -0 0.0266735 0 0 6.9513e-310 2.00391 0 0
100 208 2.6475 4.9765 6.04147 0.1 0 0 7 7 -0 -0.0266735 0 0 4.43497e-311 4.65141e-311 0 0
100 217 2.6475 4.9765 6.04147 0.1 0 0 7 7 -0 -0 0 0 6.95123e-310 6.9513e-310 0 0
100 226 2.6475 4.9765 6.04147 0.1 0 0 7 7 -0 -0 0 0 2.09035e-308 2.05409e-311 0 0
100 235 2.6475 4.9765 6.04147 0.1 0 0 7 7 -0 -0 0 0 2.68156e+154 6.9513e-310 0 0
100 244 2.6475 4.9765 6.04147 0.1 0 0 7 7 -0 -0 0 0 3.40156e-311 4.46892e-311 0 0
100 253 2.6475 4.9765 6.04147 0.1 0 0 7 7 -0 -0 0 0 3.83657e-311 4.59836e-311 0 0
100 262 2.6475 4.9765 6.04147 0.1 0 0 7 7 -0 -0 0 0 2.81846e-309 0 0 0
100 271 2.6475 4.9765 6.04147 0.1 0 0 7 7 -0 -0 0 0 2.68156e+154 6.9513e-310 0 0
100 280 2.6475 4.9765 6.04147 0.1 0 0 7 7 -0 -0 0 0 3.01111e-311 4.67688e-311 0 0
100 289 2.6475 4.9765 6.04147 0.1 0 0 7 7 -0 -0 0 0 2.68156e+154 6.95293e-310 0 0
100 298 2.6475 4.9765 6.04147 0.1 0 0 7 7 0.000377618 0.026694 0 0 -1.49458e-154 4.69598e-311 0 0
109.416 298.51 2.6475 4.9765 6.04147 0.1 0 0 7 15 -5.98854e-07 -9.71793e-06 0 0 4.6981e-311 -1.29075e-231 0 0
118.842 298.779 2.6475 4.9765 6.04147 600 0 678 7 13 -1.0749e-06 -1.94545e-05 0 0 0.998867 -0.0475976 0 0
128.269 298.561 2.6475 4.9765 6.04147 600 0 716 7 13 -2.83272e-06 -2.6343e-05 0 0 0.994742 -0.102416 0 0
137.657 297.679 2.6475 4.9765 6.04147 600 0 754 7 13 -3.42624e-06 -3.08118e-05 0 0 0.986631 -0.162972 0 0
146.941 296.025 2.6475 4.9765 6.04147 600 0 792 7 15 -6.16034e-06 -3.15637e-05 0 0 0.953488 -0.301431 0 0
156.049 293.584 2.6475 4.9765 6.04147 600 0 1246 7 13 -4.73789e-06 -3.04733e-05 0 0 0.766917 -0.641747 0 0
164.932 290.417 2.6475 4.9765 6.04147 600 0 1284 7 13 -8.10162e-06 -2.57914e-05 0 0 0.858098 -0.513487 0 0
173.569 286.632 2.6475 4.9765 6.04147 600 0 1322 7 13 -2.49693e-06 -2.33664e-05 0 0 0.667045 -0.745018 0 0
181.974 282.358 2.6475 4.9765 6.04147 600 0 1360 7 13 -9.71309e-06 -1.44428e-05 0 0 0.597346 -0.801984 0 0
190.182 277.715 2.6475 4.9765 6.04147 600 0 1398 7 13 4.44059e-06 -1.72365e-05 0 0 0.68878 -0.72497 0 0
198.237 272.812 2.6475 4.9765 6.04147 600 0 1436 7 13 -2.47038e-05 5.58169e-06 0 0 0.63239 -0.774651 0 0
206.186 267.737 2.6475 4.9765 6.04147 600 0 1474 7 13 3.36782e-05 -2.76986e-05 0 0 0.595042 -0.803695 0 0
214.069 262.566 2.6475 4.9765 6.04147 600 0 1512 7 13 -0.000189667 0.000123168 0 0 0.57172 -0.820448 0 0
221.926 257.35 2.6475 4.9765 6.04147 600 0 1550 7 13 0.000251392 -0.000166733 0 0 0.521046 -0.853529 0 0
229.741 252.165 2.6475 4.9765 6.04147 600 0 1588 7 13 -0.00381922 0.00251374 0 0 0.698638 -0.715476 0 0
237.644 246.969 2.6475 4.9765 6.04147 600 0 1626 7 13 0.00541444 -0.00353945 0 0 0.633047 -0.774113 0 0
244.736 242.37 2.6475 4.9765 6.04147 600 0 1664 7 13 -0.0722636 0.0459539 0 0 0.665261 -0.746611 0 0
253.544 236.772 2.6475 4.9765 6.04147 600 0 1702 7 13 0.0756337 -0.0479933 0 0 0.605013 -0.796216 0 0
261.181 232.039 2.6475 4.9765 6.04147 600 0 1740 7 13 -0.0249621 0.0151588 0 0 0.61915 -0.785273 0 0
269.515 227.009 2.6475 4.9765 6.04147 600 0 1778 7 13 0.0277985 -0.0166326 0 0 0.602282 -0.798283 0 0
277.553 222.303 2.6475 4.9765 6.04147 600 0 1816 7 13 -0.0136594 0.00789533 0 0 0.687468 -0.726215 0 0
285.909 217.571 2.6475 4.9765 6.04147 600 0 1854 7 13 0.0104683 -0.00582334 0 0 0.635345 -0.772228 0 0
294.102 213.101 2.6475 4.9765 6.04147 600 0 1892 7 13 -0.00929627 0.00497487 0 0 0.738582 -0.674163 0 0
302.568 208.675 2.6475 4.9765 6.04147 600 0 1930 7 13 0.0092011 -0.00468966 0 0 0.782496 -0.622655 0 0
310.981 204.484 2.6475 4.9765 6.04147 600 0 1968 7 13 -0.00497391 0.00247715 0 0 0.721662 -0.692246 0 0
319.61 200.419 2.6475 4.9765 6.04147 600 0 2006 7 13 0.00467911 -0.00206735 0 0 0.726454 -0.687215 0 0
328.22 196.617 2.6475 4.9765 6.04147 600 0 2044 7 13 -0.00756834 0.00324964 0 0 0.658757 -0.752356 0 0
337.037 193.001 2.6475 4.9765 6.04147 600 0 2082 7 13 0.00710323 -0.00277794 0 0 0.748396 -0.663252 0 0
345.836 189.679 2.6475 4.9765 6.04147 600 0 2120 7 13 -0.00422044 0.00159204 0 0 0.846637 -0.532171 0 0
354.899 186.585 2.6475 4.9765 6.04147 600 0 2158 7 13 0.00915424 -0.00278415 0 0 0.745795 -0.666175 0 0
363.838 183.856 2.6475 4.9765 6.04147 600 0 2196 7 13 -0.0370441 0.0101892 0 0 0.824825 -0.565388 0 0
373.312 181.339 2.6475 4.9765 6.04147 600 0 2234 7 13 0.0346797 -0.00895117 0 0 0.770148 -0.637865 0 0
382.083 179.355 2.6475 4.9765 6.04147 600 0 2272 7 13 -0.0210529 0.00423836 0 0 0.8673 -0.497786 0 0
391.503 177.57 2.6475 4.9765 6.04147 600 0 2310 7 13 0.0166056 -0.003042 0 0 0.81879 -0.574093 0 0
400.649 176.252 2.6475 4.9765 6.04147 600 0 2348 7 13 -0.00439227 0.000729102 0 0 0.891812 -0.452406 0 0
409.94 174.501 2.6475 4.9765 6.04147 600 0 2386 7 13 0.00282239 -0.000308256 0 0 0.840931 -0.541142 0 0
419.267 175.655 2.6475 4.9765 6.04147 600 0 2424 7 13 -0.000778543 -1.18442e-05 0 0 0.877882 -0.478878 0 0
424.912 168.104 2.6475 4.9765 6.04147 600 0 2462 7 13 0.000724343 0.000224973 0 0 0.920821 -0.389985 0 0
433.511 171.993 2.6475 4.9765 6.04147 600 0 2500 9 13 0.000712714 0.000172756 0 0 0.949244 -0.31454 0 0
442.456 175.072 2.6475 4.9765 6.04147 600 0 1254 8 10 0.000914403 0.000520199 0 0 0.99477 -0.102136 0 0
436.996 182.772 2.6475 4.9765 6.04147 600 0 2500 9 14 0.00026783 -0.000311857 0 0 0.99477 -0.102136 0 0
432.142 190.859 2.6475 4.9765 6.04147 600 0 2462 7 14 0.000130608 -0.000500358 0 0 0.998991 0.0449098 0 0
423.525 187.044 2.6475 4.9765 6.04147 600 0 2424 7 14 -7.33805e-05 0.000116626 0 0 0.988396 -0.151902 0 0
414.437 189.549 2.6475 4.9765 6.04147 600 0 2386 7 14 -0.000186064 7.03802e-06 0 0 0.985286 -0.170912 0 0
405.132 191.068 2.6475 4.9765 6.04147 600 0 2348 7 14 2.49483e-06 -7.62131e-05 0 0 0.999138 0.0415236 0 0
395.705 190.782 2.6475 4.9765 6.04147 600 0 2310 7 14 -0.00010378 0.000156111 0 0 0.999891 0.0147703 0 0
386.65 193.416 2.6475 4.9765 6.04147 600 0 2272 7 14 -2.24054e-05 -0.000223581 0 0 0.999594 -0.0284868 0 0
377.324 191.992 2.6475 4.9765 6.04147 600 0 2234 7 14 -0.000170474 0.000562737 0 0 0.996617 -0.0821857 0 0
369.595 197.411 2.6475 4.9765 6.04147 600 0 2196 7 14 -0.000648437 -0.000340692 0 0 0.996918 -0.0784534 0 0
360.197 198.42 2.6475 4.9765 6.04147 600 0 2158 7 14 -0.00049925 0.000134357 0 0 0.985788 -0.167994 0 0
350.84 199.842 2.6475 4.9765 6.04147 600 0 2120 7 14 -0.000172124 0.000992852 0 0 0.983899 -0.178723 0 0
342.822 204.896 2.6475 4.9765 6.04147 600 0 2082 7 14 -0.000736765 -0.000291739 0 0 0.984508 -0.17534 0 0
333.883 208.087 2.6475 4.9765 6.04147 600 0 2044 7 14 -0.0003412 1.44305e-05 0 0 0.954479 -0.298277 0 0
324.842 211.007 2.6475 4.9765 6.04147 600 0 2006 7 14 0.000211831 0.000867903 0 0 0.954118 -0.299431 0 0
316.852 216.159 2.6475 4.9765 6.04147 600 0 1968 7 14 -0.000394924 -0.000542539 0 0 0.934384 -0.356267 0 0
308.038 219.73 2.6475 4.9765 6.04147 600 0 1930 7 14 0.000311223 0.000657804 0 0 0.944426 -0.328725 0 0
300.123 225.003 2.6475 4.9765 6.04147 600 0 1892 7 14 -0.000125077 -0.000372088 0 0 0.95716 -0.289559 0 0
291.691 229.4 2.6475 4.9765 6.04147 600 0 1854 7 14 0.000318908 0.000278141 0 0 0.91848 -0.395468 0 0
283.83 234.744 2.6475 4.9765 6.04147 600 0 1816 7 14 0.000133005 -0.000333936 0 0 0.925283 -0.379278 0 0
275.644 239.563 2.6475 4.9765 6.04147 600 0 1778 7 14 0.000116658 -0.000163714 0 0 0.897951 -0.440095 0 0
267.331 244.144 2.6475 4.9765 6.04147 600 0 1740 7 14 0.000453293 -7.71294e-05 0 0 0.843698 -0.536818 0 0
259.317 249.219 2.6475 4.9765 6.04147 600 0 1702 7 14 -0.000151069 -0.000393529 0 0 0.893632 -0.448801 0 0
250.563 252.847 2.6475 4.9765 6.04147 600 0 1664 7 14 0.000617751 0.000433012 0 0 0.855825 -0.517265 0 0
243.317 258.956 2.6475 4.9765 6.04147 600 0 1626 7 14 -0.000349183 4.97526e-05 0 0 0.890403 -0.455173 0 0
235.625 264.489 2.6475 4.9765 6.04147 600 0 1588 7 14 0.000272617 0.000104394 0 0 0.846965 -0.531649 0 0
228.566 270.82 2.6475 4.9765 6.04147 600 0 1550 7 14 -0.000539617 -0.000133372 0 0 0.875364 -0.483464 0 0
220.508 275.818 2.6475 4.9765 6.04147 600 0 1512 7 14 0.000297956 0.000483162 0 0 0.82684 -0.562438 0 0
213.678 282.405 2.6475 4.9765 6.04147 600 0 1474 7 14 -0.000772455 -0.000503677 0 0 0.784952 -0.619556 0 0
205.205 286.681 2.6475 4.9765 6.04147 600 0 1436 7 14 0.000574851 0.00109918 0 0 0.846517 -0.532362 0 0
198.978 293.851 2.6475 4.9765 6.04147 600 0 1398 7 14 -0.0011668 -0.00130385 0 0 0.78108 -0.624431 0 0
190.032 297.033 2.6475 4.9765 6.04147 600 0 1360 7 14 0.00198019 0.0032894 0 0 0.723584 -0.690236 0 0
187.334 306.154 2.6475 4.9765 6.04147 600 0 1322 7 14 0.000297203 -0.000388497 0 0 0.889421 -0.457089 0 0
180.614 312.816 2.6475 4.9765 6.04147 600 0 1284 7 14 0.000743305 -0.00184891 0 0 0.769823 -0.638257 0 0
189.672 315.326 2.6475 4.9765 6.04147 600 0 944 7 15 0.000763326 -0.00218439 0 0 0.924147 -0.382037 0 0
199.103 315.529 2.6475 4.9765 6.04147 600 0 982 7 13 0.000787184 1.21537e-05 0 0 0.983933 -0.17854 0 0
208.544 315.688 2.6475 4.9765 6.04147 600 0 1020 7 13 -0.000141982 -5.44309e-05 0 0 0.96771 -0.252066 0 0
217.992 315.42 2.6475 4.9765 6.04147 600 0 1058 7 13 0.000150958 -2.38271e-05 0 0 0.942516 -0.33416 0 0
227.432 315.012 2.6475 4.9765 6.04147 600 0 1096 7 13 -0.000153053 4.87402e-06 0 0 0.963029 -0.269399 0 0
236.875 314.588 2.6475 4.9765 6.04147 600 0 1134 7 13 0.000192599 1.21483e-06 0 0 0.942943 -0.332955 0 0
246.321 314.234 2.6475 4.9765 6.04147 600 0 1172 7 13 0.000161826 1.44858e-05 0 0 0.960835 -0.27712 0 0
255.776 314.008 2.6475 4.9765 6.04147 600 0 1210 7 13 0.000178342 2.45979e-05 0 0 0.927099 -0.374817 0 0
265.238 313.945 2.6475 4.9765 6.04147 600 0 1248 7 13 0.000178999 3.35124e-05 0 0 0.961263 -0.275632 0 0
274.703 314.058 2.6475 4.9765 6.04147 600 0 1286 7 13 8.74319e-05 3.56603e-05 0 0 0.975023 -0.222105 0 0
284.168 314.339 2.6475 4.9765 6.04147 600 0 1324 7 13 0.000112513 3.35772e-05 0 0 0.915695 -0.401873 0 0
293.63 314.758 2.6475 4.9765 6.04147 600 0 1362 7 13 6.09237e-05 2.13261e-05 0 0 0.901663 -0.43244 0 0
303.09 315.26 2.6475 4.9765 6.04147 600 0 1400 7 13 5.1421e-05 4.35655e-06 0 0 0.97496 -0.22238 0 0
312.551 315.769 2.6475 4.9765 6.04147 600 0 1438 7 13 9.16779e-06 -2.42074e-05 0 0 0.95653 -0.291634 0 0
322.017 316.172 2.6475 4.9765 6.04147 600 0 1476 7 13 -2.00886e-05 -5.09672e-05 0 0 0.931972 -0.36253 0 0
331.489 316.355 2.6475 4.9765 6.04147 600 0 1514 7 13 -6.61196e-05 -8.19372e-05 0 0 0.987212 -0.159413 0 0
340.96 316.174 2.6475 4.9765 6.04147 600 0 1552 7 13 -0.000109387 -9.88256e-05 0 0 0.967437 -0.253114 0 0
350.406 315.515 2.6475 4.9765 6.04147 600 0 1590 7 13 -0.000160517 -9.77553e-05 0 0 0.999845 -0.0176016 0 0
359.793 314.3 2.6475 4.9765 6.04147 600 0 1628 7 15 -0.000205777 -7.44704e-05 0 0 0.997584 -0.0694776 0 0
369.085 312.519 2.6475 4.9765 6.04147 600 0 2278 7 13 -0.000249888 -3.16927e-05 0 0 0.893146 -0.449766 0 0
378.258 310.228 2.6475 4.9765 6.04147 600 0 2316 7 13 -0.000275148 3.6167e-05 0 0 0.904115 -0.427289 0 0
387.357 307.685 2.6475 4.9765 6.04147 600 0 2354 7 13 -0.000322515 3.06658e-05 0 0 0.836812 -0.54749 0 0
396.251 304.52 2.6475 4.9765 6.04147 600 0 2392 7 13 -0.000275659 0.000216521 0 0 0.875017 -0.484091 0 0
405.616 303.401 2.6475 4.9765 6.04147 600 0 2430 7 13 -0.000342932 -8.6415e-05 0 0 0.785658 -0.618661 0 0
411.731 297.692 2.01445 3.78655 4.27197 600 0 2468 7 13 -7.93706e-05 0.000172889 0 0 0.906182 -0.422887 0 0
418.622 300.126 2.01445 3.78655 4.27197 600 0 2468 11 13 -0.000104309 -2.99232e-05 0 0 0.906538 -0.422124 0 0
426.939 300.979 2.6475 4.9765 6.04147 600 0 222 8 10 3.15629e-05 0.00014569 0 0 0.950799 -0.309807 0 0
422.341 307.951 2.01445 3.78655 4.27197 600 0 2468 11 14 -0.000281449 0.000391973 0 0 0.93204 -0.362356 0 0
420.228 314.939 2.01445 3.78655 4.27197 600 0 2468 11 14 2.84499e-05 6.40175e-05 0 0 0.975951 -0.217992 0 0
411.845 315.031 2.6475 4.9765 6.04147 600 0 2430 7 14 -0.00207117 0.000738754 0 0 0.961427 -0.27506 0 0
402.998 318.259 2.6475 4.9765 6.04147 600 0 2392 7 14 0.00268078 -0.000976284 0 0 0.89007 -0.455825 0 0
394.088 321.525 2.6475 4.9765 6.04147 600 0 2354 7 14 -0.00333326 0.00482647 0 0 0.870254 -0.492602 0 0
385.851 326.037 2.6475 4.9765 6.04147 600 0 2316 7 14 0.0046366 -0.00018576 0 0 0.971097 -0.238686 0 0
393.87 330.902 2.6475 4.9765 6.04147 600 0 1780 7 15 -0.00232106 -0.0061424 0 0 0.999578 0.0290383 0 0
403.175 332.641 2.6475 4.9765 6.04147 600 0 1818 7 13 0.00306845 0.000415502 0 0 0.997758 -0.0669237 0 0
412.521 333.628 2.6475 4.9765 6.04147 600 0 1856 7 13 -0.0029758 -0.000447683 0 0 0.998609 0.0527334 0 0
421.739 335.687 2.6475 4.9765 6.04147 600 0 1894 7 13 0.00147243 0.000344978 0 0 0.999432 -0.0337119 0 0
430.822 338.131 2.6475 4.9765 6.04147 600 0 1932 7 13 -0.000565772 -0.000157575 0 0 0.999084 0.042796 0 0
439.854 340.781 2.6475 4.9765 6.04147 600 0 1970 7 13 -0.000794271 -0.000258482 0 0 0.996099 -0.0882468 0 0
448.842 343.644 2.6475 4.9765 6.04147 600 0 2008 7 13 0.00227648 0.000764859 0 0 0.992575 0.121633 0 0
457.708 346.747 2.6475 4.9765 6.04147 600 0 2046 7 13 -0.0028056 -0.00104032 0 0 0.998468 0.0553332 0 0
466.526 350.168 2.6475 4.9765 6.04147 600 0 2084 7 13 0.00341971 0.00140673 0 0 0.988264 0.152755 0 0
475.147 353.881 2.6475 4.9765 6.04147 600 0 2122 7 13 -0.00356697 -0.00161083 0 0 0.994135 0.108144 0 0
483.698 357.94 2.6475 4.9765 6.04147 600 0 2160 7 13 0.0034256 0.00169931 0 0 0.999903 0.0139451 0 0
492.034 362.249 2.6475 4.9765 6.04147 600 0 2198 7 13 -0.00334542 -0.00179133 0 0 0.986457 0.164018 0 0
500.302 366.842 2.6475 4.9765 6.04147 600 0 2236 7 13 0.00281105 0.00160632 0 0 0.995092 0.0989501 0 0
508.378 371.628 2.6475 4.9765 6.04147 600 0 2274 7 13 -0.00238554 -0.00145444 0 0 0.941712 0.336421 0 0
516.38 376.645 2.6475 4.9765 6.04147 600 0 2312 7 13 0.00179167 0.00114504 0 0 0.977984 0.20868 0 0
524.214 381.837 2.6475 4.9765 6.04147 600 0 2350 7 13 -0.00120902 -0.000783279 0 0 0.977756 0.209746 0 0
532.183 386.881 2.6475 4.9765 6.04147 600 0 2388 7 13 0.00077682 0.000543643 0 0 0.947463 0.319866 0 0
539.073 393.293 2.6475 4.9765 6.04147 600 0 2426 7 13 -0.000353361 -0.000171679 0 0 0.960177 0.279392 0 0
547.671 393.719 2.18993 4.11641 4.99732 600 0 2464 7 13 0.00016256 -5.35043e-05 0 0 0.964094 0.26556 0 0
549.606 401.425 2.18993 4.11641 4.27197 600 0 2464 11 13 -6.43195e-05 -7.38938e-05 0 0 0.870762 0.491705 0 0
554.053 408.968 2.6475 4.9765 6.04147 0.1 0 1822 8 10 -7.5867e-05 -2.19465e-05 0 0 0.867146 0.498053 0 0
545.308 409.396 2.18993 4.11641 4.27197 600 0 2464 11 14 -0.000178218 -7.15793e-06 0 0 0.870762 0.491705 0 0
537.885 412.222 2.18993 4.11641 4.99732 600 0 2464 7 14 0.000416206 0.000781236 0 0 0.785726 0.618574 0 0
533.391 404.863 2.6475 4.9765 6.04147 600 0 2426 7 14 -0.00154588 -0.00157203 0 0 0.815297 0.579043 0 0
525.872 399.233 2.6475 4.9765 6.04147 600 0 2388 7 14 0.00271975 0.00167176 0 0 0.737899 0.674911 0 0
517.502 394.822 2.6475 4.9765 6.04147 600 0 2350 7 14 -0.00351773 -0.00221446 0 0 0.821901 0.56963 0 0
509.889 389.339 2.6475 4.9765 6.04147 600 0 2312 7 14 0.00375414 0.00257258 0 0 0.825943 0.563753 0 0
501.947 384.167 2.6475 4.9765 6.04147 600 0 2274 7 14 -0.00412099 -0.00276969 0 0 0.862962 0.505269 0 0
494.229 378.838 2.6475 4.9765 6.04147 600 0 2236 7 14 0.004283 0.00252265 0 0 0.883151 0.469088 0 0
485.677 374.744 2.6475 4.9765 6.04147 600 0 2198 7 14 -0.00436888 -0.00229377 0 0 0.88897 0.457965 0 0
477.514 370.123 2.6475 4.9765 6.04147 600 0 2160 7 14 0.00398868 0.00257864 0 0 0.818487 0.574526 0 0
469.96 364.403 2.6475 4.9765 6.04147 600 0 2122 7 14 -0.0038687 -0.00191849 0 0 0.873074 0.487588 0 0
460.966 361.728 2.6475 4.9765 6.04147 600 0 2084 7 14 0.00400894 0.00129535 0 0 0.889936 0.456085 0 0
452.04 358.576 2.6475 4.9765 6.04147 600 0 2046 7 14 -0.0034344 -0.00112047 0 0 0.826166 0.563427 0 0
443.039 355.909 2.6475 4.9765 6.04147 600 0 2008 7 14 0.00297061 0.000891633 0 0 0.870011 0.493032 0 0
434.01 353.158 2.6475 4.9765 6.04147 600 0 1970 7 14 -0.00127799 -0.000391832 0 0 0.896433 0.443178 0 0
424.911 350.775 2.6475 4.9765 6.04147 600 0 1932 7 14 -7.12441e-05 -1.96877e-05 0 0 0.822003 0.569484 0 0
415.986 347.85 2.6475 4.9765 6.04147 600 0 1894 7 14 0.00238436 0.000688896 0 0 0.872788 0.488099 0 0
406.909 345.231 2.6475 4.9765 6.04147 600 0 1856 7 14 -0.00450529 -0.00116367 0 0 0.92042 0.39093 0 0
397.774 343.19 2.6475 4.9765 6.04147 600 0 1818 7 14 0.00533127 0.00200604 0 0 0.867565 0.497323 0 0
389.188 339.142 2.6475 4.9765 6.04147 600 0 1780 7 14 -0.00842591 0.000223442 0 0 0.908598 0.417671 0 0
379.85 339.642 2.6475 4.9765 6.04147 600 0 1742 7 14 0.00827629 0.000241973 0 0 0.839368 0.543564 0 0
370.394 338.506 2.6475 4.9765 6.04147 600 0 1704 7 14 -0.00836407 -0.00125773 0 0 0.888634 0.458617 0 0
361.165 336.876 2.6475 4.9765 6.04147 600 0 1666 7 14 0.0067767 0.00114319 0 0 0.951258 0.308397 0 0
351.762 335.422 2.6475 4.9765 6.04147 600 0 1628 7 14 -0.00603718 -0.00129209 0 0 0.965126 0.261786 0 0
342.644 333.126 2.6475 4.9765 6.04147 600 0 1590 7 14 0.00440387 0.000944396 0 0 0.911337 0.411661 0 0
333.148 332.984 2.6475 4.9765 6.04147 600 0 1552 7 14 -0.00377927 -0.000402262 0 0 0.966849 0.255351 0 0
323.805 331.796 2.6475 4.9765 6.04147 600 0 1514 7 14 0.00353357 0.000328463 0 0 0.888196 0.459465 0 0
314.428 333.202 2.6475 4.9765 6.04147 600 0 1476 7 15 -0.0024642 0.00308787 0 0 0.948048 0.318128 0 0
305.928 337.204 2.6475 4.9765 6.04147 600 0 1819 7 13 0.00387238 0.00053706 0 0 0.88707 0.461635 0 0
313.653 342.57 2.6475 4.9765 6.04147 600 0 1857 7 13 -0.0017407 -0.00345681 0 0 0.785922 0.618325 0 0
320.394 349.266 2.6475 4.9765 6.04147 600 0 1895 7 13 0.00168666 0.00287356 0 0 0.760586 0.649237 0 0
325.258 357.35 2.6475 4.9765 6.04147 600 0 1933 7 13 -0.0017839 -0.00296999 0 0 0.800413 0.599448 0 0
332.153 363.892 2.6475 4.9765 6.04147 600 0 1971 7 13 0.00286151 0.0029366 0 0 0.764484 0.644642 0 0
338.721 370.632 2.6475 4.9765 6.04147 600 0 2009 7 13 -0.00464011 -0.00468135 0 0 0.80601 0.591902 0 0
345.52 377.303 2.6475 4.9765 6.04147 600 0 2047 7 13 0.00547736 0.00530542 0 0 0.837216 0.546872 0 0
352.256 383.792 2.6475 4.9765 6.04147 600 0 2085 7 13 -0.00828957 -0.00754043 0 0 0.808782 0.588109 0 0
359.468 390.045 2.6475 4.9765 6.04147 600 0 2123 7 13 0.0084346 0.0071031 0 0 0.78623 0.617934 0 0
366.69 395.914 2.6475 4.9765 6.04147 600 0 2161 7 13 -0.00902023 -0.00709461 0 0 0.842866 0.538123 0 0
374.255 401.719 2.6475 4.9765 6.04147 600 0 2199 7 13 0.00841172 0.00650217 0 0 0.872359 0.488866 0 0
381.586 407.456 2.6475 4.9765 6.04147 600 0 2237 7 13 -0.00718951 -0.00580695 0 0 0.871474 0.490442 0 0
388.91 413.519 2.6475 4.9765 6.04147 600 0 2275 7 13 0.00632667 0.00515269 0 0 0.907451 0.420157 0 0
396.229 419.312 2.6475 4.9765 6.04147 600 0 2313 7 13 -0.00520512 -0.00401971 0 0 0.869535 0.493871 0 0
403.789 425.028 2.6475 4.9765 6.04147 600 0 2351 7 13 0.00426952 0.00314767 0 0 0.944457 0.328636 0 0
411.462 430.4 2.6475 4.9765 6.04147 600 0 2389 7 13 -0.0028133 -0.00202309 0 0 0.920665 0.390354 0 0
419.062 436.01 2.6475 4.9765 6.04147 600 0 2427 7 13 0.00198894 0.0011076 0 0 0.924429 0.381354 0 0
427.477 437.305 2.14741 4.03647 4.90028 600 0 2465 7 13 -0.000602022 -0.000240304 0 0 0.946293 0.32331 0 0
426.519 445.017 2.14741 4.03647 4.27197 600 0 2465 11 13 -0.00014801 -0.000123993 0 0 0.872453 0.488699 0 0
430.297 452.803 2.6475 4.9765 6.04147 600 0 719 8 10 -7.2415e-05 -0.000231636 0 0 0.900759 0.434319 0 0
421.645 452.442 2.14741 4.03647 4.27197 600 0 2465 11 14 0.000117838 -3.59036e-07 0 0 0.872453 0.488699 0 0
413.87 452.379 2.14741 4.03647 4.90028 600 0 2465 7 14 -0.000381159 -0.000427331 0 0 0.73728 0.675587 0 0
409.862 444.858 2.6475 4.9765 6.04147 600 0 2427 7 14 0.000974845 0.000763692 0 0 0.787298 0.616573 0 0
401.262 440.967 2.6475 4.9765 6.04147 600 0 2389 7 14 -0.00179888 -0.00113822 0 0 0.703843 0.710356 0 0
393.785 435.271 2.6475 4.9765 6.04147 600 0 2351 7 14 0.00213363 0.00161532 0 0 0.743048 0.669238 0 0
386.232 429.583 2.6475 4.9765 6.04147 600 0 2313 7 14 -0.00248986 -0.00192128 0 0 0.798799 0.601598 0 0
378.847 423.778 2.6475 4.9765 6.04147 600 0 2275 7 14 0.00257627 0.00204611 0 0 0.654947 0.755675 0 0
371.475 417.851 2.6475 4.9765 6.04147 600 0 2237 7 14 -0.00244571 -0.001986 0 0 0.731217 0.682145 0 0
364.21 411.898 2.6475 4.9765 6.04147 600 0 2199 7 14 0.00229531 0.00189676 0 0 0.565601 0.824679 0 0
356.955 405.84 2.6475 4.9765 6.04147 600 0 2161 7 14 -0.00187693 -0.00158218 0 0 0.68093 0.732349 0 0
349.802 399.743 2.6475 4.9765 6.04147 600 0 2123 7 14 0.00147212 0.00126537 0 0 0.71669 0.697391 0 0
342.679 393.549 2.6475 4.9765 6.04147 600 0 2085 7 14 -0.00104027 -0.000911047 0 0 0.52853 0.848915 0 0
335.63 387.314 2.6475 4.9765 6.04147 600 0 2047 7 14 0.000569739 0.000505001 0 0 0.60975 0.792594 0 0
328.594 381.037 2.6475 4.9765 6.04147 600 0 2009 7 14 -0.0003051 -0.00027156 0 0 0.557613 0.830101 0 0
321.55 374.78 2.6475 4.9765 6.04147 600 0 1971 7 14 -1.54008e-05 -1.00846e-05 0 0 0.530865 0.847457 0 0
314.433 368.602 2.6475 4.9765 6.04147 600 0 1933 7 14 0.000115685 0.000102876 0 0 0.579649 0.814866 0 0
307.172 362.588 2.6475 4.9765 6.04147 600 0 1895 7 14 -0.000267512 -0.000201791 0 0 0.610949 0.79167 0 0
299.699 356.847 2.6475 4.9765 6.04147 600 0 1857 7 14 0.000262814 0.000207153 0 0 0.650327 0.759655 0 0
291.936 351.492 2.6475 4.9765 6.04147 600 0 1819 7 14 -0.000322053 -0.000186244 0 0 0.752077 0.659075 0 0
283.846 346.659 2.6475 4.9765 6.04147 600 0 1781 7 14 0.000256502 0.000166476 0 0 0.781486 0.623923 0 0
275.403 342.458 2.6475 4.9765 6.04147 600 0 1324 7 15 -0.0002801 -9.77221e-05 0 0 0.986961 0.160958 0 0
266.641 338.983 2.6475 4.9765 6.04147 600 0 1286 7 14 0.000189205 9.64462e-05 0 0 0.997488 0.070829 0 0
257.609 336.268 2.6475 4.9765 6.04147 600 0 1248 7 14 -0.000202963 -2.43814e-05 0 0 0.977238 0.212145 0 0
248.392 334.289 2.6475 4.9765 6.04147 600 0 1210 7 14 0.00011621 4.78152e-05 0 0 0.968792 0.247876 0 0
239.053 332.973 2.6475 4.9765 6.04147 600 0 1172 7 14 -0.000130273 8.15004e-06 0 0 0.988653 0.150217 0 0
229.654 332.214 2.6475 4.9765 6.04147 600 0 1134 7 14 6.13483e-05 2.2861e-05 0 0 0.975864 0.218378 0 0
220.228 331.899 2.6475 4.9765 6.04147 600 0 1096 7 14 -7.84446e-05 1.39392e-05 0 0 0.992366 0.12333 0 0
210.798 331.925 2.6475 4.9765 6.04147 600 0 1058 7 14 2.74808e-05 1.18626e-05 0 0 0.984524 0.175251 0 0
201.37 332.213 2.6475 4.9765 6.04147 600 0 1020 7 14 -4.61793e-05 1.22072e-05 0 0 0.995852 0.0909913 0 0
191.952 332.714 2.6475 4.9765 6.04147 600 0 982 7 14 9.56024e-06 9.2254e-06 0 0 0.988421 0.151739 0 0
182.546 333.411 2.6475 4.9765 6.04147 600 0 944 7 14 -2.67192e-05 1.2924e-05 0 0 0.999537 0.0304275 0 0
173.157 334.315 2.6475 4.9765 6.04147 600 0 906 7 14 1.96732e-06 1.25879e-05 0 0 0.977548 0.210712 0 0
163.794 335.46 2.6475 4.9765 6.04147 600 0 868 7 14 -1.43447e-05 1.76021e-05 0 0 0.993052 0.117674 0 0
154.47 336.892 2.6475 4.9765 6.04147 600 0 830 7 14 4.51982e-07 1.82957e-05 0 0 0.990067 0.140596 0 0
145.203 338.652 2.6475 4.9765 6.04147 600 0 792 7 14 -5.93702e-06 2.14824e-05 0 0 0.997452 0.0713438 0 0
136.009 340.765 2.6475 4.9765 6.04147 600 0 754 7 14 1.4353e-06 1.99606e-05 0 0 0.997789 0.0664662 0 0
126.901 343.221 2.6475 4.9765 6.04147 600 0 716 7 14 -1.10305e-06 1.81906e-05 0 0 0.997735 -0.0672621 0 0
117.877 345.97 2.6475 4.9765 6.04147 600 0 678 7 14 1.50175e-06 1.27609e-05 0 0 0.987566 -0.157202 0 0
108.92 348.931 2.6475 4.9765 6.04147 0.1 0 0 7 15 6.53859e-08 6.81124e-06 0 0 4.21546e-309 1.5151e-311 0 0
100 352 2.6475 4.9765 6.04147 0.1 0 0 7 7 0.000509185 -0.0268487 0 0 4.71295e-311 2.68156e+154 0 0
100 361 2.6475 4.9765 6.04147 0.1 0 0 7 7 -0 -0 0 0 2.36849e-308 1.51723e-311 0 0
100 370 2.6475 4.9765 6.04147 0.1 0 0 7 7 -0 -0 0 0 2.82851e-309 2.32036e+77 0 0
100 379 2.6475 4.9765 6.04147 0.1 0 0 7 7 -0 -0 0 0 2.68156e+154 6.9513e-310 0 0
100 388 2.6475 4.9765 6.04147 0.1 0 0 7 7 -0 -0 0 0 6.9513e-310 4.34456e-311 0 0
100 397 2.6475 4.9765 6.04147 0.1 0 0 7 7 -0 -0 0 0 2.69918e-311 3.13419e-311 0 0
100 406 2.6475 4.9765 6.04147 0.1 0 0 7 7 -0 -0 0 0 2.22915e-308 2.27054e-311 0 0
100 415 2.6475 4.9765 6.04147 0.1 0 0 7 7 -0 -0 0 0 1.11702e-308 2.04773e-311 0 0
100 424 2.6475 4.9765 6.04147 0.1 0 0 7 7 -0 -0 0 0 4.73842e-311 2.68156e+154 0 0
100 433 2.6475 4.9765 6.04147 0.1 0 0 7 7 -0 -0 0 0 2.68156e+154 -4.34456e-311 0 0
100 442 2.6475 4.9765 6.04147 0.1 0 0 7 7 -0 -0 0 0 4.17201e-309 1.07585e-311 0 0
100 451 2.6475 4.9765 6.04147 0.1 0 0 7 7 -0 -0 0 0 1.70396e-311 -3.1111e+231 0 0
100 460 2.6475 4.9765 6.04147 0.1 0 0 7 7 -0 -0 0 0 4.7469e-311 2.68156e+154 0 0
100 469 2.6475 4.9765 6.04147 0.1 0 0 7 7 -0 -0 0 0 3.10024e-311 4.01269e-311 0 0
100 478 2.6475 4.9765 6.04147 0.1 0 0 7 7 -0 -0 0 0 4.75115e-311 2.68156e+154 0 0
100 487 2.6475 4.9765 6.04147 0.1 0 0 7 7 -0 -0 0 0 2.68156e+154 1.73061e-77 0 0
100 496 2.6475 4.9765 6.04147 0.1 0 0 7 7 -0 -0 0 0 2.82238e-309 0 0 0
100 505 2.6475 4.9765 6.04147 0.1 0 0 7 7 -0 -0 0 0 1.58937e-311 4.50712e-311 0 0
100 514 2.6475 4.9765 6.04147 0.1 0 0 7 7 -0 -0 0 0 2.68156e+154 2.68156e+154 0 0
100 523 2.6475 4.9765 6.04147 0.1 0 0 7 7 -0 -0 0 0 9.47568e-308 8.91238e-312 0 0
100 532 2.6475 4.9765 6.04147 0.1 0 0 7 7 -0 -0 0 0 4.78086e-311 2.68156e+154 0 0
100 541 2.6475 4.9765 6.04147 0.1 0 0 7 7 -0 -0 0 0 2.82918e-309 1.96921e-311 0 0
100 550 2.6475 4.9765 6.04147 0.1 0 0 7 7 -0 -0 0 0 6.95123e-310 6.9513e-310 0 0
100 559 2.6475 4.9765 6.04147 0.1 0 0 7 7 -0 -0 0 0 4.21546e-309 2.43605e-311 0 0
100 568 2.6475 4.9765 6.04147 0.1 0 0 7 7 -0 -0 0 0 -1.29075e-231 6.95293e-310 0 0
100 577 2.6475 4.9765 6.04147 0.1 0 0 7 7 -0 -0 0 0 4.86714e-309 3.05567e-312 0 0
100 586 2.6475 4.9765 6.04147 0.1 0 0 7 7 -0 -0 0 0 2.14746e-311 2.68156e+154 0 0
100 595 2.6475 4.9765 6.04147 0.1 0 0 7 7 -0 -0 0 0 4.37343e-311 2.32036e+77 0 0
100 604 2.6475 4.9765 6.04147 0.1 0 0 7 7 -0 -0 0 0 6.9513e-310 -1.73061e-77 0 0
100 613 2.6475 4.9765 6.04147 0.1 0 0 7 7 -0 -0 0 0 3.77079e-311 4.11243e-311 0 0
100 622 2.6475 4.9765 6.04147 0.1 0 0 7 7 -0 -0 0 0 1.49458e-154 6.95293e-310 0 0
100 631 2.6475 4.9765 6.04147 0.1 0 0 7 7 -0 -0 0 0 -2.6868e+154 5.68058e-311 0 0
100 640 2.6475 4.9765 6.04147 0.1 0 0 7 7 -0 -0 0 0 1.29075e-231 4.37343e-311 0 0
100 649 2.6475 4.9765 6.04147 0.1 0 0 7 7 -0 -0 0 0 6.9513e-310 1.49458e-154 0 0
100 658 2.6475 4.9765 6.04147 0.1 0 0 7 7 0.00103414 0.026827 0 0 1.29075e-231 4.81693e-311 0 0
109.344 659.386 2.6475 4.9765 6.04147 0.1 0 0 7 15 2.59534e-06 -1.12014e-05 0 0 2.81534e-309 3.39732e-311 0 0
118.702 660.671 2.6475 4.9765 6.04147 600 0 695 7 13 5.02461e-06 -2.20216e-05 0 0 0.990817 0.135206 0 0
128.086 661.753 2.6475 4.9765 6.04147 600 0 695 7 13 7.05167e-06 -3.15222e-05 0 0 0.997481 0.070935 0 0
137.498 662.55 2.6475 4.9765 6.04147 600 0 733 7 13 8.67992e-06 -3.91541e-05 0 0 0.999958 0.00915383 0 0
146.934 662.992 2.6475 4.9765 6.04147 600 0 771 7 15 9.86412e-06 -4.46091e-05 0 0 0.998212 0.0597684 0 0
156.38 663.036 2.6475 4.9765 6.04147 600 0 1228 7 13 1.09627e-05 -4.76777e-05 0 0 0.929852 -0.367933 0 0
165.82 662.662 2.6475 4.9765 6.04147 600 0 1266 7 13 1.18468e-05 -4.83908e-05 0 0 0.946005 -0.324153 0 0
175.234 661.875 2.6475 4.9765 6.04147 600 0 1304 7 13 1.32698e-05 -4.70327e-05 0 0 0.933414 -0.3588 0 0
184.609 660.701 2.6475 4.9765 6.04147 600 0 1342 7 13 1.44909e-05 -4.40319e-05 0 0 0.787749 -0.615997 0 0
193.934 659.182 2.6475 4.9765 6.04147 600 0 1380 7 13 1.68788e-05 -4.00046e-05 0 0 0.859571 -0.511016 0 0
203.206 657.366 2.6475 4.9765 6.04147 600 0 1418 7 13 1.853e-05 -3.51358e-05 0 0 0.794166 -0.607701 0 0
212.429 655.309 2.6475 4.9765 6.04147 600 0 1456 7 13 2.19417e-05 -3.03983e-05 0 0 0.860739 -0.509047 0 0
221.608 653.062 2.6475 4.9765 6.04147 600 0 1494 7 13 2.37707e-05 -2.54366e-05 0 0 0.816163 -0.577822 0 0
230.752 650.674 2.6475 4.9765 6.04147 600 0 1532 7 13 2.76117e-05 -2.15169e-05 0 0 0.873914 -0.486081 0 0
239.87 648.186 2.6475 4.9765 6.04147 600 0 1570 7 13 2.9929e-05 -1.81269e-05 0 0 0.833745 -0.55215 0 0
248.971 645.631 2.6475 4.9765 6.04147 600 0 1608 7 13 3.21396e-05 -1.59588e-05 0 0 0.889365 -0.457198 0 0
258.059 643.03 2.6475 4.9765 6.04147 600 0 1646 7 13 3.76207e-05 -1.65081e-05 0 0 0.849422 -0.527715 0 0
267.138 640.393 2.6475 4.9765 6.04147 600 0 1684 7 13 3.16687e-05 -1.61832e-05 0 0 0.842572 -0.538584 0 0
276.206 637.713 2.6475 4.9765 6.04147 600 0 1722 7 13 4.94687e-05 -2.61523e-05 0 0 0.831386 -0.555695 0 0
285.254 634.964 2.6475 4.9765 6.04147 600 0 1760 7 13 1.49996e-05 -2.4202e-05 0 0 0.91892 -0.394444 0 0
294.268 632.101 2.6475 4.9765 6.04147 600 0 1798 7 13 7.26822e-05 -5.63519e-05 0 0 0.890085 -0.455794 0 0
303.223 629.057 2.6475 4.9765 6.04147 600 0 1836 7 13 -2.97272e-05 -3.92891e-05 0 0 0.927532 -0.373743 0 0
312.085 625.746 2.6475 4.9765 6.04147 600 0 1874 7 13 0.000135802 -0.000129044 0 0 0.899179 -0.437581 0 0
320.8 622.064 2.6475 4.9765 6.04147 600 0 1912 7 13 -0.00010223 -6.00995e-05 0 0 0.892997 -0.450062 0 0
329.296 617.889 2.6475 4.9765 6.04147 600 0 1950 7 15 0.000243557 -0.00027507 0 0 0.803759 -0.594955 0 0
337.481 613.137 2.6475 4.9765 6.04147 600 0 2401 7 13 -0.000238886 1.70974e-05 0 0 0.69816 -0.715941 0 0
345.381 607.913 2.6475 4.9765 6.04147 600 0 2439 7 13 0.000287745 -0.000163429 0 0 0.693216 -0.72073 0 0
353.329 602.78 2.6475 4.9765 6.04147 600 0 2477 9 13 -0.000476933 0.000659438 0 0 0.767628 -0.640895 0 0
362.189 599.424 2.6475 4.9765 6.04147 600 0 99 8 10 0.000968051 -0.000391146 0 0 0.684643 -0.728879 1 0
362.435 608.913 2.6475 4.9765 6.04147 600 0 2477 9 14 0.00087316 0.00428579 0 0 0.775032 -0.631922 0 0
359.676 617.918 2.6475 4.9765 6.04147 600 0 2439 7 14 0.00244125 -0.00320392 0 0 0.75955 -0.650449 0 0
368.823 615.825 2.6475 4.9765 6.04147 600 0 2102 7 15 -0.00377775 -0.000877413 0 0 0.847348 -0.531038 0 0
376.811 610.746 2.6475 4.9765 6.04147 600 0 2140 7 13 0.00274093 -0.000716931 0 0 0.929575 -0.368634 0 0
386.101 609.242 2.6475 4.9765 6.04147 600 0 2178 7 13 -0.00291205 0.000524631 0 0 0.905907 -0.423477 0 0
395.319 607.098 2.6475 4.9765 6.04147 600 0 2216 7 13 0.00240704 -0.000515452 0 0 0.879887 -0.475182 0 0
404.531 605.202 2.6475 4.9765 6.04147 600 0 2254 7 13 -0.00266159 0.000535102 0 0 0.86268 -0.50575 0 0
413.81 603.411 2.6475 4.9765 6.04147 600 0 2292 7 13 0.00201091 -0.00036719 0 0 0.86641 -0.499333 0 0
423.082 601.812 2.6475 4.9765 6.04147 600 0 2330 7 13 -0.00128537 0.00022901 0 0 0.92247 -0.38607 0 0
432.339 599.964 2.6475 4.9765 6.04147 600 0 2368 7 13 0.000975977 -0.00012428 0 0 0.925147 -0.379608 0 0
441.716 599.025 2.6475 4.9765 6.04147 600 0 2406 7 13 -0.000286194 -0.000112689 0 0 0.859064 -0.511868 0 0
450.374 595.269 2.6475 4.9765 6.04147 600 0 2444 7 13 0.000460982 0.000261213 0 0 0.890191 -0.455588 0 0
459.777 596.094 2.6475 4.9765 6.04147 600 0 2482 9 13 0.000253448 -6.90349e-05 0 0 0.965809 -0.259256 0 0
468.544 599.635 2.6475 4.9765 6.04147 600 0 1272 8 10 0.000339613 -4.24828e-05 0 0 0.938387 -0.345587 0 0
462.239 606.682 2.6475 4.9765 6.04147 600 0 2482 9 14 0.000270821 -3.11646e-05 0 0 0.965809 -0.259256 0 0
454.368 611.897 2.6475 4.9765 6.04147 600 0 2444 7 14 4.56504e-05 -0.000481904 0 0 0.961252 -0.275673 0 0
444.94 612.364 2.6475 4.9765 6.04147 600 0 2406 7 14 -5.29626e-06 7.00866e-05 0 0 0.990572 -0.136996 0 0
435.597 613.701 2.6475 4.9765 6.04147 600 0 2368 7 14 5.9942e-05 4.47674e-05 0 0 0.981064 -0.193684 0 0
426.383 615.742 2.6475 4.9765 6.04147 600 0 2330 7 14 4.98687e-05 -5.29786e-05 0 0 0.97959 -0.201005 0 0
417.057 617.19 2.6475 4.9765 6.04147 600 0 2292 7 14 -9.75457e-05 4.33995e-05 0 0 0.996703 -0.0811336 0 0
407.797 618.985 2.6475 4.9765 6.04147 600 0 2254 7 14 0.000375918 -6.25917e-05 0 0 0.971823 -0.235711 0 0
398.584 621.042 2.6475 4.9765 6.04147 600 0 2216 7 14 -0.000530766 0.000103113 0 0 0.999316 -0.0369749 0 0
389.351 622.942 2.6475 4.9765 6.04147 600 0 2178 7 14 0.000904658 -0.000186 0 0 0.993955 -0.109789 0 0
380.084 624.764 2.6475 4.9765 6.04147 600 0 2140 7 14 -0.00128075 4.84638e-05 0 0 0.998745 0.0500876 0 0
370.668 625.089 2.6475 4.9765 6.04147 600 0 2102 7 14 0.00138871 -0.000505007 0 0 0.996719 -0.080941 0 0
361.458 627.207 2.6475 4.9765 6.04147 600 0 2064 7 14 -0.0015748 0.00044987 0 0 0.987004 -0.160693 0 0
352.943 631.238 2.6475 4.9765 6.04147 600 0 2026 7 14 0.0014374 -0.000662009 0 0 0.999812 -0.019413 0 0
343.942 634.106 2.6475 4.9765 6.04147 600 0 1988 7 14 -0.00102944 0.000281196 0 0 0.993514 -0.113712 0 0
334.839 636.54 2.6475 4.9765 6.04147 600 0 1950 7 14 0.000794051 -0.000213349 0 0 0.979123 -0.20327 0 0
325.702 638.905 2.6475 4.9765 6.04147 600 0 1912 7 14 -0.000459797 0.00011959 0 0 0.994411 -0.10558 0 0
316.577 641.275 2.6475 4.9765 6.04147 600 0 1874 7 14 0.000211086 -5.46526e-05 0 0 0.983261 -0.182202 0 0
307.449 643.652 2.6475 4.9765 6.04147 600 0 1836 7 14 -1.51604e-06 4.92133e-08 0 0 0.978559 -0.205968 0 0
298.321 646.02 2.6475 4.9765 6.04147 600 0 1798 7 14 -8.53339e-05 2.31385e-05 0 0 0.992916 -0.118821 0 0
289.199 648.406 2.6475 4.9765 6.04147 600 0 1760 7 14 0.0002118 -5.32904e-05 0 0 0.993233 -0.116136 0 0
280.095 650.868 2.6475 4.9765 6.04147 600 0 1722 7 14 -0.000178428 5.26439e-05 0 0 0.973048 -0.230601 0 0
271.02 653.416 2.6475 4.9765 6.04147 600 0 1684 7 14 0.000245003 -6.62592e-05 0 0 0.961635 -0.274332 0 0
261.976 656.086 2.6475 4.9765 6.04147 600 0 1646 7 14 -0.00015803 5.50761e-05 0 0 0.97799 -0.208653 0 0
253 658.962 2.6475 4.9765 6.04147 600 0 1608 7 14 0.000191389 -5.91161e-05 0 0 0.973731 -0.227702 0 0
244.063 661.964 2.6475 4.9765 6.04147 600 0 1570 7 14 -9.12872e-05 3.50779e-05 0 0 0.962797 -0.270226 0 0
235.181 665.114 2.6475 4.9765 6.04147 600 0 1532 7 14 0.000114397 -4.00416e-05 0 0 0.963387 -0.268116 0 0
226.31 668.301 2.6475 4.9765 6.04147 600 0 1494 7 14 -2.23613e-05 1.12896e-05 0 0 0.951367 -0.30806 0 0
217.507 671.664 2.6475 4.9765 6.04147 600 0 1456 7 14 5.20133e-05 -1.96377e-05 0 0 0.947591 -0.319486 0 0
208.712 675.048 2.6475 4.9765 6.04147 600 0 1418 7 14 2.3961e-05 -7.7745e-06 0 0 0.936528 -0.350593 0 0
199.984 678.597 2.6475 4.9765 6.04147 600 0 1380 7 14 2.32178e-05 8.09387e-06 0 0 0.910141 -0.414299 0 0
192.678 684.547 2.6475 4.9765 6.04147 600 0 1342 7 14 3.04674e-05 -3.22758e-05 0 0 0.960711 -0.277552 0 0
183.473 686.557 2.6475 4.9765 6.04147 600 0 1304 7 14 -8.26596e-06 3.42375e-05 0 0 0.918705 -0.394944 0 0
176.063 692.374 2.6475 4.9765 6.04147 600 0 1266 7 14 4.66926e-05 -9.05926e-06 0 0 0.99962 -0.0275716 0 0
184.805 695.883 2.6475 4.9765 6.04147 600 0 923 7 15 -4.92375e-05 -3.74004e-05 0 0 0.999 0.0447101 0 0
193.532 699.434 2.6475 4.9765 6.04147 600 0 961 7 13 5.77829e-05 2.29595e-05 0 0 0.997768 -0.0667746 0 0
202.306 702.864 2.6475 4.9765 6.04147 600 0 999 7 13 -3.82395e-05 -1.47347e-05 0 0 0.999955 0.00943621 0 0
211.242 705.85 2.6475 4.9765 6.04147 600 0 1037 7 13 4.02389e-05 1.23783e-05 0 0 0.998774 -0.0494958 0 0
220.254 708.597 2.6475 4.9765 6.04147 600 0 1075 7 13 -2.13606e-05 -6.73644e-06 0 0 0.992919 0.118797 0 0
229.303 711.222 2.6475 4.9765 6.04147 600 0 1113 7 13 2.3814e-05 6.68984e-06 0 0 0.998278 0.058655 0 0
238.365 713.799 2.6475 4.9765 6.04147 600 0 1151 7 13 -8.40062e-06 -2.35746e-06 0 0 0.999222 0.0394464 0 0
247.425 716.386 2.6475 4.9765 6.04147 600 0 1189 7 13 1.28059e-05 3.86381e-06 0 0 0.994796 -0.101882 0 0
256.473 719.012 2.6475 4.9765 6.04147 600 0 1227 7 13 -2.09014e-06 -3.18371e-07 0 0 0.988789 -0.149318 0 0
265.504 721.697 2.6475 4.9765 6.04147 600 0 1265 7 13 8.90317e-06 3.04274e-06 0 0 0.986492 0.163809 0 0
274.516 724.447 2.6475 4.9765 6.04147 600 0 1303 7 13 -3.0429e-06 -5.62598e-07 0 0 0.997577 -0.0695729 0 0
283.508 727.262 2.6475 4.9765 6.04147 600 0 1341 7 13 1.22077e-05 4.22238e-06 0 0 0.99422 -0.107364 0 0
292.483 730.131 2.6475 4.9765 6.04147 600 0 1379 7 13 -1.06011e-05 -3.16611e-06 0 0 0.978233 -0.207509 0 0
301.445 733.038 2.6475 4.9765 6.04147 600 0 1417 7 13 2.16337e-05 7.072e-06 0 0 0.990901 -0.134592 0 0
310.406 735.951 2.6475 4.9765 6.04147 600 0 1455 7 13 -2.27422e-05 -7.65676e-06 0 0 0.982622 -0.185617 0 0
319.381 738.82 2.6475 4.9765 6.04147 600 0 1493 7 13 3.47544e-05 9.85086e-06 0 0 0.999014 -0.0443889 0 0
328.395 741.563 2.6475 4.9765 6.04147 600 0 1531 7 13 -3.59248e-05 -1.22828e-05 0 0 0.995962 -0.0897714 0 0
337.48 744.063 2.6475 4.9765 6.04147 600 0 1569 7 13 4.78376e-05 8.71439e-06 0 0 0.990148 -0.140022 0 0
346.667 746.158 2.6475 4.9765 6.04147 600 0 1607 7 13 -4.57468e-05 -1.37197e-05 0 0 0.996225 -0.0868117 0 0
355.971 747.648 2.6475 4.9765 6.04147 600 0 1645 7 13 5.61246e-05 -3.47563e-07 0 0 0.985367 -0.170448 0 0
365.37 748.315 2.6475 4.9765 6.04147 600 0 1683 7 13 -4.82081e-05 -9.3956e-06 0 0 0.96503 -0.262141 0 0
374.787 747.986 2.6475 4.9765 6.04147 600 0 1721 7 15 5.51168e-05 -1.4734e-05 0 0 0.997536 -0.070155 0 0
384.106 746.59 2.6475 4.9765 6.04147 600 0 2189 7 13 -4.1439e-05 -1.66669e-06 0 0 0.844386 -0.535736 0 0
393.222 744.2 2.6475 4.9765 6.04147 600 0 2227 7 13 4.60749e-05 -2.34276e-05 0 0 0.801642 -0.597804 0 0
402.088 741.01 2.6475 4.9765 6.04147 600 0 2265 7 13 -2.79898e-05 3.48534e-06 0 0 0.802549 -0.596587 0 0
410.731 737.255 2.6475 4.9765 6.04147 600 0 2303 7 13 3.69852e-05 -2.08023e-05 0 0 0.752695 -0.658369 0 0
419.252 733.23 2.6475 4.9765 6.04147 600 0 2341 7 13 -1.56583e-05 9.21727e-07 0 0 0.72409 -0.689706 0 0
427.574 728.808 2.6475 4.9765 6.04147 600 0 2379 7 13 4.60325e-05 9.10126e-06 0 0 0.788333 -0.615249 0 0
436.561 725.969 2.6475 4.9765 6.04147 600 0 2417 7 13 -4.37683e-05 -0.000127963 0 0 0.759541 -0.65046 0 0
441.6 718.002 2.6475 4.9765 6.04147 600 0 2455 7 13 0.000594892 0.000188866 0 0 0.731489 -0.681854 0 0
451.034 718.154 2.6475 4.9765 6.04147 600 0 2493 9 13 0.000368466 -0.000380656 0 0 0.822089 -0.569358 0 0
460.476 718.717 2.6475 4.9765 6.04147 600 0 311 8 10 0.000852051 -0.000754347 0 0 0.822089 -0.569358 0 0
456.753 727.405 2.6475 4.9765 6.04147 600 0 2493 9 14 0.000224534 0.000573901 0 0 0.822089 -0.569358 0 0
453.02 736.061 2.6475 4.9765 6.04147 600 0 2455 7 14 -4.39331e-05 -0.000692938 0 0 0.885539 -0.464565 0 0
443.575 735.988 2.6475 4.9765 6.04147 600 0 2417 7 14 -0.00151869 0.00129472 0 0 0.864991 -0.501788 0 0
435.815 741.372 2.6475 4.9765 6.04147 600 0 2379 7 14 0.000618252 -0.000704122 0 0 0.847038 -0.531533 0 0
427.242 745.436 2.6475 4.9765 6.04147 600 0 2341 7 14 -0.00179395 0.00119022 0 0 0.863526 -0.504305 0 0
419.075 750.218 2.6475 4.9765 6.04147 600 0 2303 7 14 0.00190625 -0.00105881 0 0 0.820873 -0.571111 0 0
411.06 755.328 2.6475 4.9765 6.04147 600 0 2265 7 14 -0.00175198 0.00194244 0 0 0.79492 -0.606714 0 0
401.727 756.565 2.6475 4.9765 6.04147 600 0 2227 7 14 0.00294818 0.00114568 0 0 0.885979 -0.463726 0 0
407.446 764.029 2.6475 4.9765 6.04147 600 0 1873 7 15 0.000130569 -0.00354824 0 0 0.987728 -0.156184 0 0
413.208 771.56 2.6475 4.9765 6.04147 600 0 1911 7 13 0.00252287 0.000638206 0 0 0.971273 -0.237968 0 0
422.162 774.513 2.6475 4.9765 6.04147 600 0 1949 7 13 -0.00301908 -0.00101518 0 0 0.976298 -0.216431 0 0
430.984 778.013 2.6475 4.9765 6.04147 600 0 1987 7 13 0.00363426 0.00100215 0 0 0.961688 -0.274148 0 0
440.073 780.42 2.6475 4.9765 6.04147 600 0 2025 7 13 -0.00572503 -0.00150824 0 0 0.932925 -0.360071 0 0
449.264 782.822 2.6475 4.9765 6.04147 600 0 2063 7 13 0.00580713 0.00141927 0 0 0.958431 -0.285325 0 0
458.383 784.944 2.6475 4.9765 6.04147 600 0 2101 7 13 -0.0072123 -0.00140687 0 0 0.938761 -0.344569 0 0
467.754 786.457 2.6475 4.9765 6.04147 600 0 2139 7 13 0.00635856 0.000801411 0 0 0.918071 -0.396416 0 0
477.089 787.145 2.6475 4.9765 6.04147 600 0 2177 7 13 -0.004834 -6.51994e-05 0 0 0.967431 -0.253134 0 0
486.546 786.634 2.6475 4.9765 6.04147 600 0 2215 7 13 0.00411246 -1.01618e-05 0 0 0.945455 -0.325752 0 0
495.914 787.22 2.6475 4.9765 6.04147 600 0 2253 7 13 -0.00305197 0.000217598 0 0 0.866075 -0.499915 0 0
505.036 784.728 2.6475 4.9765 6.04147 600 0 2291 7 13 0.00261324 -0.00057237 0 0 0.929117 -0.369785 0 0
514.303 783.14 2.6475 4.9765 6.04147 600 0 2329 7 13 -0.00202995 0.000369819 0 0 0.861022 -0.508568 0 0
523.557 781.234 2.6475 4.9765 6.04147 600 0 2367 7 13 0.0016422 -0.000396672 0 0 0.824025 -0.566553 0 0
532.662 778.835 2.6475 4.9765 6.04147 600 0 2405 7 13 -0.00102707 0.000271671 0 0 0.795955 -0.605355 0 0
541.537 775.618 2.6475 4.9765 6.04147 600 0 2443 7 13 0.000846167 0.00022778 0 0 0.747624 -0.664123 0 0
550.626 778.135 2.6475 4.9765 6.04147 600 0 2481 9 13 -2.36146e-05 -0.000283371 0 0 0.923393 -0.383855 0 0
558.923 782.66 2.6475 4.9765 6.04147 0.1 0 1843 8 10 0.00044433 1.59414e-05 0 0 0.946276 -0.323359 0 0
551.842 788.938 2.6475 4.9765 6.04147 600 0 2481 9 14 6.9832e-05 -4.35645e-05 0 0 0.946276 -0.323359 0 0
543.121 792.577 2.6475 4.9765 6.04147 600 0 2443 7 14 0.000134319 -0.00037535 0 0 0.999105 0.0422976 0 0
533.737 793.678 2.6475 4.9765 6.04147 600 0 2405 7 14 1.95208e-05 0.000111321 0 0 0.999985 -0.00541622 0 0
524.523 795.756 2.6475 4.9765 6.04147 600 0 2367 7 14 0.000140572 -7.92041e-05 0 0 0.999894 0.0145462 0 0
515.217 797.368 2.6475 4.9765 6.04147 600 0 2329 7 14 -2.07908e-05 -3.37409e-05 0 0 0.993878 0.110486 0 0
505.858 798.609 2.6475 4.9765 6.04147 600 0 2291 7 14 0.000135129 -5.79027e-05 0 0 0.988698 0.149923 0 0
496.448 799.378 2.6475 4.9765 6.04147 600 0 2253 7 14 -1.85076e-05 -4.05873e-05 0 0 0.986758 0.162197 0 0
487.014 799.656 2.6475 4.9765 6.04147 600 0 2215 7 14 0.000114646 -3.86539e-05 0 0 0.967407 0.253228 0 0
477.577 799.452 2.6475 4.9765 6.04147 600 0 2177 7 14 -3.56995e-09 -3.43969e-05 0 0 0.989083 0.147362 0 0
468.165 798.779 2.6475 4.9765 6.04147 600 0 2139 7 14 8.05883e-05 -2.27857e-05 0 0 0.960269 0.279077 0 0
458.794 797.671 2.6475 4.9765 6.04147 600 0 2101 7 14 2.69104e-05 -2.17415e-05 0 0 0.975667 0.219257 0 0
449.48 796.17 2.6475 4.9765 6.04147 600 0 2063 7 14 4.3119e-05 -1.38597e-05 0 0 0.985541 0.169435 0 0
440.228 794.323 2.6475 4.9765 6.04147 600 0 2025 7 14 5.18303e-05 -5.99411e-06 0 0 0.968083 0.25063 0 0
431.042 792.181 2.6475 4.9765 6.04147 600 0 1987 7 14 1.27654e-05 -1.08455e-05 0 0 0.984082 0.177714 0 0
421.918 789.789 2.6475 4.9765 6.04147 600 0 1949 7 14 6.85596e-05 7.78729e-06 0 0 0.946894 0.321546 0 0
412.853 787.184 2.6475 4.9765 6.04147 600 0 1911 7 14 -6.76457e-06 -1.1033e-05 0 0 0.970015 0.243045 0 0
403.844 784.398 2.6475 4.9765 6.04147 600 0 1873 7 14 7.8254e-05 1.77012e-05 0 0 0.908716 0.417416 0 0
394.886 781.453 2.6475 4.9765 6.04147 600 0 1835 7 14 -2.03077e-05 -1.27001e-05 0 0 0.939175 0.343438 0 0
385.975 778.372 2.6475 4.9765 6.04147 600 0 1797 7 14 8.85361e-05 2.68519e-05 0 0 0.948444 0.316943 0 0
377.102 775.18 2.6475 4.9765 6.04147 600 0 1759 7 14 -3.92291e-05 -1.71765e-05 0 0 0.906862 0.421428 0 0
368.261 771.911 2.6475 4.9765 6.04147 600 0 1721 7 14 0.000112679 4.06912e-05 0 0 0.94427 0.329171 0 0
359.432 768.602 2.6475 4.9765 6.04147 600 0 1683 7 14 -7.99861e-05 -2.96088e-05 0 0 0.939396 0.342833 0 0
350.603 765.304 2.6475 4.9765 6.04147 600 0 1645 7 14 0.000170571 6.45336e-05 0 0 0.965207 0.261488 0 0
341.748 762.069 2.6475 4.9765 6.04147 600 0 1607 7 14 -0.000166509 -5.64276e-05 0 0 0.971434 0.237308 0 0
332.853 758.964 2.6475 4.9765 6.04147 600 0 1569 7 14 0.000291368 0.000101109 0 0 0.980614 0.195947 0 0
323.881 756.067 2.6475 4.9765 6.04147 600 0 1531 7 14 -0.0003377 -9.73484e-05 0 0 0.837902 0.54582 0 0
314.825 753.478 2.6475 4.9765 6.04147 600 0 1493 7 14 0.000522976 0.000127598 0 0 0.887458 0.460888 0 0
305.546 751.804 2.6475 4.9765 6.04147 600 0 1455 7 14 -0.000647476 -0.000162548 0 0 0.909568 0.415555 0 0
296.492 749.223 2.6475 4.9765 6.04147 600 0 1417 7 15 0.00104394 -0.00017641 0 0 0.813857 0.581065 0 0
287.104 748.339 2.6475 4.9765 6.04147 600 0 1759 7 13 -0.000546299 -0.000428977 0 0 0.636012 0.771679 0 0
291.033 756.913 2.6475 4.9765 6.04147 600 0 1797 7 13 7.06816e-05 0.00125331 0 0 0.734229 0.678902 0 0
293.277 766.052 2.6475 4.9765 6.04147 600 0 1835 7 13 -0.000289577 -0.000806113 0 0 0.602571 0.798065 0 0
297.94 774.248 2.6475 4.9765 6.04147 600 0 1873 7 13 0.000291042 0.000554319 0 0 0.699364 0.714766 0 0
302.006 782.741 2.6475 4.9765 6.04147 600 0 1911 7 13 -0.000197137 -0.000364429 0 0 0.684553 0.728963 0 0
307.52 790.387 2.6475 4.9765 6.04147 600 0 1949 7 13 0.000177143 0.000249723 0 0 0.744929 0.667144 0 0
312.933 798.096 2.6475 4.9765 6.04147 600 0 1987 7 13 -9.51873e-05 -0.000136249 0 0 0.772338 0.635211 0 0
318.477 805.718 2.6475 4.9765 6.04147 600 0 2025 7 13 6.73268e-05 0.000105883 0 0 0.662842 0.748759 0 0
323.614 813.617 2.6475 4.9765 6.04147 600 0 2063 7 13 -1.60992e-05 -2.79684e-05 0 0 0.72987 0.683586 0 0
328.87 821.44 2.6475 4.9765 6.04147 600 0 2101 7 13 2.03927e-05 2.86619e-05 0 0 0.777809 0.628501 0 0
334.173 829.23 2.6475 4.9765 6.04147 600 0 2139 7 13 7.77336e-06 2.668e-05 0 0 0.796631 0.604465 0 0
339.099 837.266 2.6475 4.9765 6.04147 600 0 2177 7 13 1.6425e-05 -3.07968e-06 0 0 0.850793 0.525501 0 0
344.68 844.861 2.6475 4.9765 6.04147 600 0 2215 7 13 2.22663e-05 3.50872e-05 0 0 0.818554 0.57443 0 0
350.167 852.525 2.6475 4.9765 6.04147 600 0 2253 7 13 3.58654e-05 -1.26211e-05 0 0 0.863648 0.504096 0 0
356.751 859.272 2.6475 4.9765 6.04147 600 0 2291 7 13 1.49564e-05 4.27185e-05 0 0 0.868505 0.49568 0 0
362.865 866.448 2.6475 4.9765 6.04147 600 0 2329 7 13 5.07972e-05 -4.10353e-06 0 0 0.921378 0.388667 0 0
369.866 872.763 2.6475 4.9765 6.04147 600 0 2367 7 13 3.16398e-06 5.80099e-05 0 0 0.896328 0.443392 0 0
376.103 879.835 2.6475 4.9765 6.04147 600 0 2405 7 13 9.0775e-05 -1.61085e-05 0 0 0.94745 0.319905 0 0
383.567 885.599 2.6475 4.9765 6.04147 600 0 2443 7 13 -0.000170828 0.000320196 0 0 0.90216 0.431402 0 0
386.069 894.696 2.6475 4.9765 6.04147 600 0 2481 9 13 0.000276875 0.000201115 0 0 0.932031 0.362378 0 0
386.144 904.143 2.6475 4.9765 6.04147 600 0 779 8 10 0.000101205 0.000200087 0 0 0.755293 0.655387 0 0
377.217 901.003 2.6475 4.9765 6.04147 600 0 2481 9 14 0.000157846 3.18744e-05 0 0 0.690685 0.723156 0 0
369.848 895.081 2.6475 4.9765 6.04147 600 0 2443 7 14 0.000268998 -0.000105583 0 0 0.733932 0.679223 0 0
363.833 887.791 2.6475 4.9765 6.04147 600 0 2405 7 14 -2.00796e-05 0.000121961 0 0 0.677979 0.735082 0 0
357.257 881.007 2.6475 4.9765 6.04147 600 0 2367 7 14 8.13763e-05 2.95828e-05 0 0 0.700281 0.713867 0 0
350.922 873.998 2.6475 4.9765 6.04147 600 0 2329 7 14 6.35865e-05 2.85121e-05 0 0 0.610269 0.792194 0 0
344.785 866.819 2.6475 4.9765 6.04147 600 0 2291 7 14 6.33007e-05 3.84974e-05 0 0 0.642341 0.766419 0 0
338.826 859.493 2.6475 4.9765 6.04147 600 0 2253 7 14 5.14485e-05 2.96563e-05 0 0 0.508853 0.860854 0 0
333.043 852.029 2.6475 4.9765 6.04147 600 0 2215 7 14 5.225e-05 3.87617e-05 0 0 0.550457 0.834863 0 0
327.421 844.445 2.6475 4.9765 6.04147 600 0 2177 7 14 4.00207e-05 3.20967e-05 0 0 0.570072 0.821595 0 0
321.927 836.769 2.6475 4.9765 6.04147 600 0 2139 7 14 3.84121e-05 3.94178e-05 0 0 0.566721 0.82391 0 0
316.523 829.031 2.6475 4.9765 6.04147 600 0 2101 7 14 3.00966e-05 3.50185e-05 0 0 0.438579 0.898693 0 0
311.171 821.258 2.6475 4.9765 6.04147 600 0 2063 7 14 2.79925e-05 3.72907e-05 0 0 0.508831 0.860866 0 0
305.844 813.47 2.6475 4.9765 6.04147 600 0 2025 7 14 2.42851e-05 3.57741e-05 0 0 0.464142 0.885761 0 0
300.516 805.684 2.6475 4.9765 6.04147 600 0 1987 7 14 2.07596e-05 3.40083e-05 0 0 0.491777 0.870721 0 0
295.159 797.918 2.6475 4.9765 6.04147 600 0 1949 7 14 1.94568e-05 3.56902e-05 0 0 0.354256 0.935149 0 0
289.737 790.199 2.6475 4.9765 6.04147 600 0 1911 7 14 1.40808e-05 3.21551e-05 0 0 0.379726 0.925099 0 0
284.204 782.561 2.6475 4.9765 6.04147 600 0 1873 7 14 1.35597e-05 3.5883e-05 0 0 0.344304 0.938858 0 0
278.496 775.053 2.6475 4.9765 6.04147 600 0 1835 7 14 7.47425e-06 3.22399e-05 0 0 0.43813 0.898912 0 0
272.542 767.739 2.6475 4.9765 6.04147 600 0 1797 7 14 7.64493e-06 3.59668e-05 0 0 0.356278 0.93438 0 0
266.268 760.7 2.6475 4.9765 6.04147 600 0 1759 7 14 2.78167e-06 3.26069e-05 0 0 0.707817 0.706396 0 0
259.609 754.024 2.6475 4.9765 6.04147 600 0 1721 7 14 4.1828e-06 3.43219e-05 0 0 0.765062 0.643957 0 0
252.525 747.803 2.6475 4.9765 6.04147 600 0 1265 7 15 1.74583e-06 3.06428e-05 0 0 0.944434 0.328701 0 0
245.009 742.11 2.6475 4.9765 6.04147 600 0 1227 7 14 4.01845e-06 2.94104e-05 0 0 0.861052 0.508517 0 0
237.091 736.994 2.6475 4.9765 6.04147 600 0 1189 7 14 3.48243e-06 2.51329e-05 0 0 0.894983 0.4461 0 0
228.824 732.463 2.6475 4.9765 6.04147 600 0 1151 7 14 5.29453e-06 2.19601e-05 0 0 0.927694 0.373341 0 0
220.274 728.491 2.6475 4.9765 6.04147 600 0 1113 7 14 5.34537e-06 1.80266e-05 0 0 0.845737 0.5336 0 0
211.506 725.03 2.6475 4.9765 6.04147 600 0 1075 7 14 5.91013e-06 1.49187e-05 0 0 0.888063 0.459722 0 0
202.573 722.022 2.6475 4.9765 6.04147 600 0 1037 7 14 5.88534e-06 1.23251e-05 0 0 0.81537 0.57894 0 0
193.514 719.417 2.6475 4.9765 6.04147 600 0 999 7 14 5.43661e-06 1.03895e-05 0 0 0.870071 0.492926 0 0
184.358 717.176 2.6475 4.9765 6.04147 600 0 961 7 14 5.28151e-06 9.21018e-06 0 0 0.90734 0.420397 0 0
175.125 715.282 2.6475 4.9765 6.04147 600 0 923 7 14 4.35326e-06 8.38865e-06 0 0 0.942222 0.334989 0 0
165.828 713.73 2.6475 4.9765 6.04147 600 0 885 7 14 4.17276e-06 8.03619e-06 0 0 0.951719 0.306972 0 0
156.48 712.528 2.6475 4.9765 6.04147 600 0 847 7 14 3.14892e-06 7.68282e-06 0 0 0.92352 0.383551 0 0
147.092 711.683 2.6475 4.9765 6.04147 600 0 809 7 14 3.0367e-06 7.33902e-06 0 0 0.941636 0.336634 0 0
137.68 711.194 2.6475 4.9765 6.04147 600 0 771 7 14 2.02813e-06 6.62374e-06 0 0 0.970462 0.241254 0 0
128.256 711.039 2.6475 4.9765 6.04147 600 0 733 7 14 2.01212e-06 5.37647e-06 0 0 0.976382 0.216049 0 0
118.831 711.162 2.6475 4.9765 6.04147 600 0 695 7 14 8.38538e-07 2.36516e-06 0 0 0.975724 0.219005 0 0
113.801 703.196 2.6475 4.9765 6.04147 600 0 657 7 14 1.4506e-06 2.37534e-06 0 0 0.999935 0.0113851 0 0
109.414 711.533 2.6475 4.9765 6.04147 0.1 0 0 7 15 8.26507e-07 1.74195e-06 0 0 5.47263e-311 6.9513e-310 0 0
100 712 2.6475 4.9765 6.04147 0.1 0 0 7 7 0.000178365 -0.0266824 0 0 -1.49458e-154 5.03337e-311 0 0
100 721 2.6475 4.9765 6.04147 0.1 0 0 7 7 -0 -0 0 0 1.00795e-311 2.68156e+154 0 0
100 730 2.6475 4.9765 6.04147 0.1 0 0 7 7 -0 -0 0 0 9.76598e-309 3.83232e-311 0 0
100 739 2.6475 4.9765 6.04147 0.1 0 0 7 7 -0 -0 0 0 -1.49458e-154 5.7591e-311 0 0
100 748 2.6475 4.9765 6.04147 0.1 0 0 7 7 -0 -0 0 0 2.83008e-309 6.9513e-310 0 0
100 757 2.6475 4.9765 6.04147 0.1 0 0 7 7 -0 -0 0 0 3.24453e-311 4.87635e-311 0 0
100 766 2.6475 4.9765 6.04147 0.1 0 0 7 7 -0 -0 0 0 -2.6868e+154 1.22439e-311 0 0
100 775 2.6475 4.9765 6.04147 0.1 0 0 7 7 -0 -0 0 0 4.15062e-311 4.49439e-311 0 0
100 784 2.6475 4.9765 6.04147 0.1 0 0 7 7 -0 -0 0 0 6.9513e-310 2.68156e+154 0 0
100 793 2.6475 4.9765 6.04147 0.1 0 0 7 7 -0 -0 0 0 -2.6868e+154 4.76176e-311 0 0
100 802 2.6475 4.9765 6.04147 0.1 0 0 7 7 -0 0.0266735 0 0 4.89544e-311 2.68156e+154 0 0
