591.799 455.989 5.295 9.953 12.0829 0.1 0 75 3 1 -4.42833e-09 -3.17404e-09 0 0 10 6.95293e-310 0 0
597.212 416.766 5.295 9.953 12.0829 0.1 0 161 3 1 1.81826e-10 -5.50495e-09 0 0 6.9513e-310 6.9513e-310 0 0
596.555 436.661 5.295 9.953 12.0829 0.1 0 94 3 1 -9.31641e-11 -4.13182e-09 0 0 6.9513e-310 6.9513e-310 0 0
614.609 428.277 5.295 9.953 12.0829 0.1 0 90 3 1 1.33332e-09 -3.4148e-09 0 0 -0.0592936 -0.00602625 0 0
624.345 445.639 5.295 9.953 12.0829 0.1 0 67 3 1 9.54196e-10 -2.133e-09 0 0 2.68156e+154 2.68156e+154 0 0
611.172 460.562 5.295 9.953 12.0829 0.1 0 52 3 1 -3.05113e-09 -3.56743e-09 0 0 10 6.95293e-310 0 0
639.122 432.302 5.295 9.953 12.0829 0.1 0 75 3 1 2.35487e-09 -2.12537e-09 0 0 6.9513e-310 6.9513e-310 0 0
643.081 452.361 5.295 9.953 12.0829 0.1 0 49 3 1 1.7037e-09 -1.24373e-09 0 0 10 6.95293e-310 0 0
661.112 428.823 5.295 9.953 12.0829 0.1 0 90 3 1 -9.61553e-10 -6.74204e-10 0 0 6.9513e-310 6.9513e-310 0 0
677.41 440.251 5.295 9.953 12.0829 0.1 0 77 3 1 3.0878e-09 -5.35353e-09 0 0 2.68156e+154 2.68156e+154 0 0
662.94 453.919 5.295 9.953 12.0829 0.1 0 51 3 1 1.16244e-09 -4.89967e-09 0 0 10 6.95293e-310 0 0
697.312 440.64 5.295 9.953 12.0829 0.1 0 110 3 1 4.16853e-09 8.15109e-11 0 0 6.9513e-310 6.9513e-310 0 0
685.204 458.968 5.295 9.953 12.0829 0.1 0 64 3 1 6.12416e-11 -6.32405e-11 0 0 10 6.95293e-310 0 0
587.934 475.516 5.295 9.953 12.0829 0.1 0 65 3 1 -7.67854e-09 -1.63465e-09 0 0 10 6.95293e-310 0 0
607.307 480.088 5.295 9.953 12.0829 0.1 0 44 3 1 -5.77981e-09 -2.36816e-09 0 0 10 6.95293e-310 0 0
651.663 470.322 5.295 9.953 12.0829 0.1 0 36 3 1 3.20487e-09 -9.33965e-10 0 0 6.9513e-310 6.9513e-310 0 0
629.643 467.982 5.295 9.953 12.0829 0.1 0 38 3 1 -3.25067e-10 -6.92639e-09 0 0 10 6.95293e-310 0 0
671.356 473.267 5.295 9.953 12.0829 0.1 0 41 3 1 -6.12416e-11 6.32405e-11 0 0 10 6.95293e-310 0 0
704.067 465.383 5.295 9.953 12.0829 0.1 0 82 3 1 2.20297e-09 -4.84066e-09 0 0 6.9513e-310 6.9513e-310 0 0
695.822 483.5 5.295 9.953 12.0829 0.1 0 65 3 1 5.03144e-09 -2.05785e-09 0 0 10 6.95293e-310 0 0
583.537 494.929 5.295 9.953 12.0829 0.1 0 66 3 2 -3.90302e-09 1.40099e-09 0 0 10 6.95293e-310 0 0
602.392 501.308 5.295 9.953 12.0829 0.1 0 43 3 1 -4.64405e-09 1.01037e-08 0 0 6.9513e-310 6.9513e-310 0 0
621.081 494.458 5.295 9.953 12.0829 0.1 0 34 3 1 -5.45376e-09 7.15519e-10 0 0 10 6.95293e-310 0 0
638.906 485.601 5.295 9.953 12.0829 0.1 0 32 3 1 -3.24816e-09 -3.29167e-09 0 0 2.68156e+154 6.9513e-310 0 0
645.306 504.557 5.295 9.953 12.0829 0.1 1 648 0 0 1.31196e-09 -3.32528e-09 0 0 10 6.95293e-310 0 0
658.516 489.01 5.295 9.953 12.0829 0.1 1 941 0 0 -5.14149e-10 1.28889e-09 0 0 1.29075e-231 6.9513e-310 0 0
664.932 507.882 5.295 9.953 12.0829 0.1 0 36 3 1 1.48977e-09 -2.8101e-09 0 0 10 6.95293e-310 0 0
678.1 492.564 5.295 9.953 12.0829 0.1 0 43 3 1 3.36239e-09 -2.52593e-10 0 0 3.09872e-303 8.48798e-314 0 0
715.726 483.301 5.295 9.953 12.0829 0.1 0 91 3 1 6.52556e-09 -1.718e-09 0 0 2.68156e+154 2.68156e+154 0 0
713.954 503.128 5.295 9.953 12.0829 0.1 0 98 3 1 7.33517e-09 -8.81704e-10 0 0 6.9513e-310 6.9513e-310 0 0
720.416 521.955 5.295 9.953 12.0829 0.1 0 105 3 1 1.77798e-09 1.93474e-09 0 0 10 6.95293e-310 0 0
550.274 516.8 5.295 9.953 12.0829 0.1 0 157 3 1 -6.61302e-09 4.26958e-09 0 0 6.9513e-310 6.9513e-310 0 0
566.997 506.003 5.295 9.953 12.0829 0.1 0 91 3 1 -7.33571e-09 1.05804e-10 0 0 2.68156e+154 2.68156e+154 0 0
581.361 519.784 5.295 9.953 12.0829 0.1 0 79 3 1 -6.221e-09 6.90534e-10 0 0 2.68156e+154 2.68156e+154 0 0
601.032 522.825 5.295 9.953 12.0829 0.1 0 51 3 1 -5.60691e-09 8.46264e-09 0 0 6.9513e-310 6.9513e-310 0 0
583.94 539.522 5.295 9.953 12.0829 0.1 0 73 3 1 -1.0548e-09 5.44481e-10 0 0 10 6.95293e-310 0 0
618.997 514.253 5.295 9.953 12.0829 0.1 0 40 3 1 -5.26796e-09 3.6378e-09 0 0 2.68156e+154 2.68156e+154 0 0
620.55 534.098 5.295 9.953 12.0829 0.1 0 46 3 1 2.17145e-09 4.41332e-09 0 0 10 6.95293e-310 0 0
637.038 522.664 5.295 9.953 12.0829 0.1 0 35 3 1 4.1842e-10 -2.49464e-09 0 0 6.9513e-310 2.68156e+154 0 0
643.955 541.329 5.295 9.953 12.0829 0.1 0 42 3 1 1.34675e-09 -5.88074e-10 0 0 10 6.95293e-310 0 0
656.663 525.988 5.295 9.953 12.0829 0.1 0 37 3 1 2.19734e-09 -1.33932e-09 0 0 10 6.95293e-310 0 0
694.09 504.418 5.295 9.953 12.0829 0.1 0 54 3 1 5.77943e-09 1.23012e-09 0 0 2.68156e+154 2.68156e+154 0 0
680.643 520.736 5.295 9.953 12.0829 0.1 0 52 3 1 -0 -0 0 0 6.9513e-310 6.9513e-310 0 0
700.552 523.245 5.295 9.953 12.0829 0.1 0 68 3 1 1.36175e-09 5.0548e-09 0 0 10 6.95293e-310 0 0
603.32 544.065 5.295 9.953 12.0829 0.1 0 64 3 1 -5.85462e-10 1.28293e-09 0 0 6.9513e-310 6.9513e-310 0 0
591.335 561.678 5.295 9.953 12.0829 0.1 0 91 3 1 -2.19901e-09 3.50842e-10 0 0 6.9513e-310 6.9513e-310 0 0
572.343 555.719 5.295 9.953 12.0829 0.1 0 121 3 1 -2.88546e-09 -9.0535e-10 0 0 10 6.95293e-310 0 0
611.123 563.836 5.295 9.953 12.0829 0.1 0 76 3 1 -1.01476e-09 1.85705e-09 0 0 -0.0592936 -0.00602625 0 0
608.826 583.609 5.295 9.953 12.0829 0.1 0 122 3 1 -3.44701e-10 2.96594e-09 0 0 10 6.95293e-310 0 0
627.718 552.844 5.295 9.953 12.0829 0.1 0 56 3 1 -4.6996e-11 3.34884e-10 0 0 2.68156e+154 2.68156e+154 0 0
671.989 538.691 5.295 9.953 12.0829 0.1 0 48 3 1 2.01804e-09 1.7149e-09 0 0 2.68156e+154 2.68156e+154 0 0
659.29 554.02 5.295 9.953 12.0829 0.1 0 57 3 1 2.02311e-09 1.86642e-09 0 0 6.9513e-310 2.68156e+154 0 0
656.002 576.79 5.295 9.953 12.0829 0.1 0 89 3 1 -0 -0 0 0 2.68156e+154 2.68156e+154 0 0
692.635 580.356 5.295 9.953 12.0829 0.1 0 126 3 1 3.12718e-10 -1.00039e-10 0 0 8.34403e-309 -1 0 0
673.676 586.421 5.295 9.953 12.0829 0.1 0 110 3 1 1.46675e-09 4.6253e-09 0 0 6.9513e-310 6.9513e-310 0 0
663.93 603.778 5.295 9.953 12.0829 0.1 0 171 3 1 -2.24411e-09 3.99674e-09 0 0 10 6.95293e-310 0 0
705.38 542.555 5.295 9.953 12.0829 0.1 0 90 3 1 7.5903e-09 5.24019e-09 0 0 0 0 0 0
687.458 551.217 5.295 9.953 12.0829 0.1 0 74 3 1 4.15241e-09 1.51993e-09 0 0 6.9513e-310 6.9513e-310 0 0
674.759 566.545 5.295 9.953 12.0829 0.1 0 78 3 1 3.47339e-09 3.00146e-09 0 0 10 6.95293e-310 0 0
80 235 2.6475 4.9765 6.04147 0.1 0 0 7 7 -0 -0.0266735 0 0 9.73472e-309 2.21006e-314 0 0
80 244 2.6475 4.9765 6.04147 0.1 0 0 7 7 -0 -0 0 0 1.5724e-311 3.62225e-311 0 0
80 253 2.6475 4.9765 6.04147 0.1 0 0 7 7 -0 -0 0 0 2.00391 6.9513e-310 0 0
80 262 2.6475 4.9765 6.04147 0.1 0 0 7 7 -0 -0 0 0 2.68156e+154 4.67051e-311 0 0
80 271 2.6475 4.9765 6.04147 0.1 0 0 7 7 -0 -0 0 0 2.32036e+77 5.34743e-311 0 0
80 280 2.6475 4.9765 6.04147 0.1 0 0 7 7 -0 -0 0 0 2.68156e+154 6.95293e-310 0 0
80 289 2.6475 4.9765 6.04147 0.1 0 0 7 7 -0 -0 0 0 1.49458e-154 5.73151e-311 0 0
80 298 2.6475 4.9765 6.04147 0.1 0 0 7 7 -0 -0 0 0 2.44666e-311 3.63073e-311 0 0
80 307 2.6475 4.9765 6.04147 0.1 0 0 7 7 -0 -0 0 0 -3.1111e+231 5.65724e-311 0 0
80 316 2.6475 4.9765 6.04147 0.1 0 0 7 7 -0 -0 0 0 8.38891e-309 4.47317e-311 0 0
80 325 2.6475 4.9765 6.04147 0.1 0 0 7 7 -0 -0 0 0 1.33686e-311 4.48166e-311 0 0
80 334 2.6475 4.9765 6.04147 0.1 0 0 7 7 -0 -0 0 0 6.95123e-310 2.68156e+154 0 0
80 343 2.6475 4.9765 6.04147 0.1 0 0 7 7 -0 -0 0 0 8.34405e-309 1.73061e-77 0 0
80 352 2.6475 4.9765 6.04147 0.1 0 0 7 7 -0 -0 0 0 -1.49458e-154 3.33578e-311 0 0
80 361 2.6475 4.9765 6.04147 0.1 0 0 7 7 -0 -0 0 0 4.49014e-311 2.68156e+154 0 0
80 370 2.6475 4.9765 6.04147 0.1 0 0 7 7 -0 -0 0 0 4.72828e-308 3.39519e-312 0 0
80 379 2.6475 4.9765 6.04147 0.1 0 0 7 7 -0 -0 0 0 3.35488e-311 4.16972e-311 0 0
80 388 2.6475 4.9765 6.04147 0.1 0 0 7 7 -0 -0 0 0 6.95123e-310 6.9513e-310 0 0
80 397 2.6475 4.9765 6.04147 0.1 0 0 7 7 -0 -0 0 0 6.9513e-310 2.68156e+154 0 0
80 406 2.6475 4.9765 6.04147 0.1 0 0 7 7 -0 -0 0 0 2.68156e+154 6.9513e-310 0 0
80 415 2.6475 4.9765 6.04147 0.1 0 0 7 7 -0 -0 0 0 2.68156e+154 5.45565e-311 0 0
80 424 2.6475 4.9765 6.04147 0.1 0 0 7 7 -0 -0 0 0 0 1.49458e-154 0 0
80 433 2.6475 4.9765 6.04147 0.1 0 0 7 7 -0 -0 0 0 2.68156e+154 5.63602e-311 0 0
80 442 2.6475 4.9765 6.04147 0.1 0 0 7 7 -0 -0 0 0 4.1676e-311 4.49863e-311 0 0
80 451 2.6475 4.9765 6.04147 0.1 0 0 7 7 -0 -0 0 0 6.95123e-310 6.9513e-310 0 0
80 460 2.6475 4.9765 6.04147 0.1 0 0 7 7 -0 -0 0 0 4.17204e-309 2.05621e-311 0 0
80 469 2.6475 4.9765 6.04147 0.1 0 0 7 7 -0 -0 0 0 2.21006e-314 1.49458e-154 0 0
80 478 2.6475 4.9765 6.04147 0.1 0 0 7 7 -0 -0 0 0 4.53895e-311 2.68156e+154 0 0
80 487 2.6475 4.9765 6.04147 0.1 0 0 7 7 -0 -0 0 0 1.25615e-308 1.79309e-311 0 0
80 496 2.6475 4.9765 6.04147 0.1 0 0 7 7 -0 -0 0 0 1.78672e-311 3.32305e-311 0 0
80 505 2.6475 4.9765 6.04147 0.1 0 0 7 7 -0 -0 0 0 2.60581e-311 4.14001e-311 0 0
80 514 2.6475 4.9765 6.04147 0.1 0 0 7 7 -0 -0 0 0 2.68156e+154 -1.73061e-77 0 0
80 523 2.6475 4.9765 6.04147 0.1 0 0 7 7 -0 -0 0 0 3.89388e-308 2.56761e-312 0 0
80 532 2.6475 4.9765 6.04147 0.1 0 0 7 7 -0 -0 0 0 9.7347e-309 1.91828e-311 0 0
80 541 2.6475 4.9765 6.04147 0.1 0 0 7 7 -0 -0 0 0 2.68156e+154 1.73061e-77 0 0
80 550 2.6475 4.9765 6.04147 0.1 0 0 7 7 -0 -0 0 0 6.96583e-309 1.24773e-311 0 0
80 559 2.6475 4.9765 6.04147 0.1 0 0 7 7 -0 -0 0 0 1.51305e-306 4.26521e-312 0 0
80 568 2.6475 4.9765 6.04147 0.1 0 0 7 7 -0 -0 0 0 3.00687e-311 2.6868e+154 0 0
80 577 2.6475 4.9765 6.04147 0.1 0 0 7 7 -0 -0 0 0 2.54639e-312 2.68156e+154 0 0
80 586 2.6475 4.9765 6.04147 0.1 0 0 7 7 -0 -0 0 0 2.81793e-309 0 0 0
80 595 2.6475 4.9765 6.04147 0.1 0 0 7 7 -0 -0 0 0 2.81793e-309 0 0 0
80 604 2.6475 4.9765 6.04147 0.1 0 0 7 7 -0 -0 0 0 6.9513e-310 -4.34456e-311 0 0
80 613 2.6475 4.9765 6.04147 0.1 0 0 7 7 -0 -0 0 0 4.58351e-311 2.68156e+154 0 0
80 622 2.6475 4.9765 6.04147 0.1 0 0 7 7 -0 -0 0 0 2.6868e+154 6.95293e-310 0 0
80 631 2.6475 4.9765 6.04147 0.1 0 0 7 7 -0 -0 0 0 2.68156e+154 -2.6868e+154 0 0
80 640 2.6475 4.9765 6.04147 0.1 0 0 7 7 -0 -0 0 0 8.34403e-309 1.39203e-311 0 0
80 649 2.6475 4.9765 6.04147 0.1 0 0 7 7 -0 -0 0 0 2.68857e-311 2.69281e-311 0 0
80 658 2.6475 4.9765 6.04147 0.1 0 0 7 7 -0 -0 0 0 6.95123e-310 6.9513e-310 0 0
80 667 2.6475 4.9765 6.04147 0.1 0 0 7 7 -0 -0 0 0 8.46918e-307 3.35275e-312 0 0
80 676 2.6475 4.9765 6.04147 0.1 0 0 7 7 -0 -0 0 0 2.32036e+77 6.95293e-310 0 0
80 685 2.6475 4.9765 6.04147 0.1 0 0 7 7 -0 -0 0 0 4.60685e-311 2.68156e+154 0 0
80 694 2.6475 4.9765 6.04147 0.1 0 0 7 7 -0 -0 0 0 4.6111e-311 5.54478e-311 0 0
80 703 2.6475 4.9765 6.04147 0.1 0 0 7 7 -0 -0 0 0 4.62171e-311 2.68156e+154 0 0
80 712 2.6475 4.9765 6.04147 0.1 0 0 7 7 -0 -0 0 0 4.62383e-311 2.68156e+154 0 0
80 721 2.6475 4.9765 6.04147 0.1 0 0 7 7 -0 -0 0 0 4.41019e-311 -1.49458e-154 0 0
80 730 2.6475 4.9765 6.04147 0.1 0 0 7 7 -0 -0 0 0 3.3188e-311 4.62383e-311 0 0
80 739 2.6475 4.9765 6.04147 0.1 0 0 7 7 -0 -0 0 0 6.98826e-309 3.84293e-311 0 0
80 748 2.6475 4.9765 6.04147 0.1 0 0 7 7 -0 -0 0 0 -3.1111e+231 5.19465e-311 0 0
80 757 2.6475 4.9765 6.04147 0.1 0 0 7 7 -0 -0 0 0 5.57137e-308 2.51032e-311 0 0
80 766 2.6475 4.9765 6.04147 0.1 0 0 7 7 -0 -0 0 0 -2.32036e+77 4.50288e-311 0 0
80 775 2.6475 4.9765 6.04147 0.1 0 0 7 7 -0 0.0266735 0 0 6.9513e-310 2.00391 0 0
100 208 2.6475 4.9765 6.04147 0.1 0 0 7 7 -0 -0.0266735 0 0 4.43497e-311 4.65141e-311 0 0
100 217 2.6475 4.9765 6.04147 0.1 0 0 7 7 -0 -0 0 0 6.95123e-310 6.9513e-310 0 0
100 226 2.6475 4.9765 6.04147 0.1 0 0 7 7 -0 -0 0 0 2.09035e-308 2.05409e-311 0 0
100 235 2.6475 4.9765 6.04147 0.1 0 0 7 7 -0 -0 0 0 2.68156e+154 6.9513e-310 0 0
100 244 2.6475 4.9765 6.04147 0.1 0 0 7 7 -0 -0 0 0 3.40156e-311 4.46892e-311 0 0
100 253 2.6475 4.9765 6.04147 0.1 0 0 7 7 -0 -0 0 0 3.83657e-311 4.59836e-311 0 0
100 262 2.6475 4.9765 6.04147 0.1 0 0 7 7 -0 -0 0 0 2.81846e-309 0 0 0
100 271 2.6475 4.9765 6.04147 0.1 0 0 7 7 -0 -0 0 0 2.68156e+154 6.9513e-310 0 0
100 280 2.6475 4.9765 6.04147 0.1 0 0 7 7 -0 -0 0 0 3.01111e-311 4.67688e-311 0 0
100 289 2.6475 4.9765 6.04147 0.1 0 0 7 7 -0 -0 0 0 2.68156e+154 6.95293e-310 0 0
100 298 2.6475 4.9765 6.04147 0.1 0 0 7 7 0.00101863 0.0273755 0 0 -1.49458e-154 4.69598e-311 0 0
107.775 303.373 2.6475 4.9765 6.04147 0.1 0 0 7 15 -0.000291484 0.000461098 0 0 4.6981e-311 -1.29075e-231 0 0
112.795 311.372 2.6475 4.9765 6.04147 600 0 678 7 13 5.88196e-05 -0.00031666 0 0 0.998867 -0.0475976 0 0
119.234 318.286 2.6475 4.9765 6.04147 600 0 716 7 13 0.00049013 -0.000771423 0 0 0.994742 -0.102416 0 0
128.689 318.855 2.6475 4.9765 6.04147 600 0 754 7 13 0.00136262 -0.000107259 0 0 0.986631 -0.162972 0 0
138.099 318.743 2.6475 4.9765 6.04147 600 0 792 7 13 -0.00203321 5.69398e-05 0 0 0.953488 -0.301431 0 0
147.653 319.127 2.6475 4.9765 6.04147 600 0 830 7 13 0.00358659 5.4679e-05 0 0 0.937387 -0.348289 0 0
157.001 319.303 2.6475 4.9765 6.04147 600 0 868 7 13 -0.00453375 -0.000132542 0 0 0.939726 -0.341929 0 0
166.456 320.748 2.6475 4.9765 6.04147 600 0 906 7 13 0.00231263 -0.000277007 0 0 0.964069 -0.265652 0 0
175.783 319.229 2.6475 4.9765 6.04147 600 0 944 7 13 0.00174925 0.00177604 0 0 0.924147 -0.382037 0 0
184.526 322.532 2.6475 4.9765 6.04147 600 0 982 9 13 -0.00434829 -0.00483081 0 0 0.985072 -0.172142 0 0
193.039 327.587 2.6475 4.9765 6.04147 0.1 0 322 8 10 0.0296439 -0.0171999 0 0 0.981253 -0.192722 0 0
184.605 333.85 2.6475 4.9765 6.04147 600 0 982 9 14 -0.0261623 0.02088 0 0 0.997509 0.0705327 0 0
175.994 336.562 2.6475 4.9765 6.04147 600 0 944 7 14 0.0423976 0.0088095 0 0 0.999537 0.0304275 0 0
165.504 333.871 2.6475 4.9765 6.04147 600 0 906 7 14 -0.0434953 -0.00980267 0 0 0.977548 0.210712 0 0
156.784 334.703 2.6475 4.9765 6.04147 600 0 868 7 14 0.0322866 0.00239425 0 0 0.993052 0.117674 0 0
146.308 333.685 2.6475 4.9765 6.04147 600 0 830 7 14 -0.035683 -0.00295635 0 0 0.990067 0.140596 0 0
137.656 333.471 2.6475 4.9765 6.04147 600 0 792 7 14 0.0129931 0.000635026 0 0 0.997452 0.0713438 0 0
127.865 332.609 2.6475 4.9765 6.04147 600 0 754 7 14 -0.00904164 -0.000940796 0 0 0.997789 0.0664662 0 0
118.633 331.576 2.6475 4.9765 6.04147 600 0 716 7 14 0.00254906 0.00240782 0 0 0.997735 -0.0672621 0 0
111.087 337.362 2.6475 4.9765 6.04147 600 0 678 7 14 0.00109577 0.00137507 0 0 0.987566 -0.157202 0 0
107.5 346.158 2.6475 4.9765 6.04147 0.1 0 0 7 15 -0.00221521 -0.000512692 0 0 4.21546e-309 1.5151e-311 0 0
100 352 2.6475 4.9765 6.04147 0.1 0 0 7 7 0.00349033 -0.0293692 0 0 4.71295e-311 2.68156e+154 0 0
100 361 2.6475 4.9765 6.04147 0.1 0 0 7 7 -0 -0 0 0 2.36849e-308 1.51723e-311 0 0
100 370 2.6475 4.9765 6.04147 0.1 0 0 7 7 -0 -0 0 0 2.82851e-309 2.32036e+77 0 0
100 379 2.6475 4.9765 6.04147 0.1 0 0 7 7 -0 -0 0 0 2.68156e+154 6.9513e-310 0 0
100 388 2.6475 4.9765 6.04147 0.1 0 0 7 7 -0 -0 0 0 6.9513e-310 4.34456e-311 0 0
100 397 2.6475 4.9765 6.04147 0.1 0 0 7 7 -0 -0 0 0 2.69918e-311 3.13419e-311 0 0
100 406 2.6475 4.9765 6.04147 0.1 0 0 7 7 -0 -0 0 0 2.22915e-308 2.27054e-311 0 0
100 415 2.6475 4.9765 6.04147 0.1 0 0 7 7 -0 -0 0 0 1.11702e-308 2.04773e-311 0 0
100 424 2.6475 4.9765 6.04147 0.1 0 0 7 7 -0 -0 0 0 4.73842e-311 2.68156e+154 0 0
100 433 2.6475 4.9765 6.04147 0.1 0 0 7 7 -0 -0 0 0 2.68156e+154 -4.34456e-311 0 0
100 442 2.6475 4.9765 6.04147 0.1 0 0 7 7 -0 -0 0 0 4.17201e-309 1.07585e-311 0 0
100 451 2.6475 4.9765 6.04147 0.1 0 0 7 7 -0 -0 0 0 1.70396e-311 -3.1111e+231 0 0
100 460 2.6475 4.9765 6.04147 0.1 0 0 7 7 -0 -0 0 0 4.7469e-311 2.68156e+154 0 0
100 469 2.6475 4.9765 6.04147 0.1 0 0 7 7 -0 -0 0 0 3.10024e-311 4.01269e-311 0 0
100 478 2.6475 4.9765 6.04147 0.1 0 0 7 7 -0 -0 0 0 4.75115e-311 2.68156e+154 0 0
100 487 2.6475 4.9765 6.04147 0.1 0 0 7 7 -0 -0 0 0 2.68156e+154 1.73061e-77 0 0
100 496 2.6475 4.9765 6.04147 0.1 0 0 7 7 -0 -0 0 0 2.82238e-309 0 0 0
100 505 2.6475 4.9765 6.04147 0.1 0 0 7 7 -0 -0 0 0 1.58937e-311 4.50712e-311 0 0
100 514 2.6475 4.9765 6.04147 0.1 0 0 7 7 -0 -0 0 0 2.68156e+154 2.68156e+154 0 0
100 523 2.6475 4.9765 6.04147 0.1 0 0 7 7 -0 -0 0 0 9.47568e-308 8.91238e-312 0 0
100 532 2.6475 4.9765 6.04147 0.1 0 0 7 7 -0 -0 0 0 4.78086e-311 2.68156e+154 0 0
100 541 2.6475 4.9765 6.04147 0.1 0 0 7 7 -0 -0 0 0 2.82918e-309 1.96921e-311 0 0
100 550 2.6475 4.9765 6.04147 0.1 0 0 7 7 -0 -0 0 0 6.95123e-310 6.9513e-310 0 0
100 559 2.6475 4.9765 6.04147 0.1 0 0 7 7 -0 -0 0 0 4.21546e-309 2.43605e-311 0 0
100 568 2.6475 4.9765 6.04147 0.1 0 0 7 7 -0 -0 0 0 -1.29075e-231 6.95293e-310 0 0
100 577 2.6475 4.9765 6.04147 0.1 0 0 7 7 -0 -0 0 0 4.86714e-309 3.05567e-312 0 0
100 586 2.6475 4.9765 6.04147 0.1 0 0 7 7 -0 -0 0 0 2.14746e-311 2.68156e+154 0 0
100 595 2.6475 4.9765 6.04147 0.1 0 0 7 7 -0 -0 0 0 4.37343e-311 2.32036e+77 0 0
100 604 2.6475 4.9765 6.04147 0.1 0 0 7 7 -0 -0 0 0 6.9513e-310 -1.73061e-77 0 0
100 613 2.6475 4.9765 6.04147 0.1 0 0 7 7 -0 -0 0 0 3.77079e-311 4.11243e-311 0 0
100 622 2.6475 4.9765 6.04147 0.1 0 0 7 7 -0 -0 0 0 1.49458e-154 6.95293e-310 0 0
100 631 2.6475 4.9765 6.04147 0.1 0 0 7 7 -0 -0 0 0 -2.6868e+154 5.68058e-311 0 0
100 640 2.6475 4.9765 6.04147 0.1 0 0 7 7 -0 -0 0 0 1.29075e-231 4.37343e-311 0 0
100 649 2.6475 4.9765 6.04147 0.1 0 0 7 7 -0 -0 0 0 6.9513e-310 1.49458e-154 0 0
100 658 2.6475 4.9765 6.04147 0.1 0 0 7 7 0.00201442 0.0297303 0 0 1.29075e-231 4.81693e-311 0 0
105.214 665.906 2.6475 4.9765 6.04147 0.1 0 0 7 15 -0.000981481 -0.00179631 0 0 2.81534e-309 3.39732e-311 0 0
111.291 673.309 2.6475 4.9765 6.04147 600 0 695 7 13 0.00258507 0.0020426 0 0 0.990817 0.135206 0 0
118.216 679.636 2.6475 4.9765 6.04147 600 0 695 7 13 -0.00327324 -0.00311453 0 0 0.997481 0.070935 0 0
126.661 684.257 2.6475 4.9765 6.04147 600 0 733 7 13 0.00438478 0.00115785 0 0 0.999958 0.00915383 0 0
135.64 686.816 2.6475 4.9765 6.04147 600 0 771 7 13 -0.00506883 -0.00142098 0 0 0.998212 0.0597684 0 0
145.06 688.891 2.6475 4.9765 6.04147 600 0 809 7 13 0.00502346 0.0010331 0 0 0.99995 -0.010001 0 0
154.164 690.754 2.6475 4.9765 6.04147 600 0 847 7 13 -0.00625761 -0.00130023 0 0 0.990792 0.13539 0 0
163.585 692.809 2.6475 4.9765 6.04147 600 0 885 7 13 0.00487679 0.00152674 0 0 0.998383 0.0568532 0 0
172.338 695.965 2.6475 4.9765 6.04147 600 0 923 7 13 -0.00405271 -0.000935183 0 0 0.999 0.0447101 0 0
181.369 693.011 2.6475 4.9765 6.04147 600 0 961 7 13 0.000905169 -5.40208e-05 0 0 0.997768 -0.0667746 0 0
187.247 700.418 2.6475 4.9765 6.04147 600 0 999 9 13 0.00130172 0.00130906 0 0 0.999352 0.035983 0 0
193.169 707.747 2.6475 4.9765 6.04147 0.1 0 343 8 10 -0.000619725 -0.000237814 0 0 0.969892 0.243537 0 0
184.28 710.87 2.6475 4.9765 6.04147 600 0 999 9 14 0.00120914 -0.000195747 0 0 0.885933 0.463814 0 0
175.801 715.016 2.6475 4.9765 6.04147 600 0 961 7 14 0.00114903 0.000918619 0 0 0.90734 0.420397 0 0
169.398 708 2.6475 4.9765 6.04147 600 0 923 7 14 -0.00379205 -0.00113913 0 0 0.942222 0.334989 0 0
160.153 707.674 2.6475 4.9765 6.04147 600 0 885 7 14 0.00697397 0.000920859 0 0 0.951719 0.306972 0 0
150.662 705.818 2.6475 4.9765 6.04147 600 0 847 7 14 -0.00794163 -0.00149326 0 0 0.92352 0.383551 0 0
141.682 704.223 2.6475 4.9765 6.04147 600 0 809 7 14 0.00966505 0.00209616 0 0 0.941636 0.336634 0 0
132.175 701.99 2.6475 4.9765 6.04147 600 0 771 7 14 -0.0112526 4.97899e-05 0 0 0.970462 0.241254 0 0
123.544 704.549 2.6475 4.9765 6.04147 600 0 733 7 14 0.016321 0.00298311 0 0 0.976382 0.216049 0 0
114.131 701.013 2.6475 4.9765 6.04147 600 0 695 7 14 -0.0234453 0.000175699 0 0 0.975724 0.219005 0 0
105.274 699.893 2.6475 4.9765 6.04147 600 0 657 7 14 0.0103183 0.006415 0 0 0.999935 0.0113851 0 0
108.831 708.331 2.6475 4.9765 6.04147 0.1 0 0 7 15 0.00524336 -0.0122103 0 0 5.47263e-311 6.9513e-310 0 0
100 712 2.6475 4.9765 6.04147 0.1 0 0 7 7 -0.00301695 -0.0254981 0 0 -1.49458e-154 5.03337e-311 0 0
100 721 2.6475 4.9765 6.04147 0.1 0 0 7 7 -0 -0 0 0 1.00795e-311 2.68156e+154 0 0
100 730 2.6475 4.9765 6.04147 0.1 0 0 7 7 -0 -0 0 0 9.76598e-309 3.83232e-311 0 0
100 739 2.6475 4.9765 6.04147 0.1 0 0 7 7 -0 -0 0 0 -1.49458e-154 5.7591e-311 0 0
100 748 2.6475 4.9765 6.04147 0.1 0 0 7 7 -0 -0 0 0 2.83008e-309 6.9513e-310 0 0
100 757 2.6475 4.9765 6.04147 0.1 0 0 7 7 -0 -0 0 0 3.24453e-311 4.87635e-311 0 0
100 766 2.6475 4.9765 6.04147 0.1 0 0 7 7 -0 -0 0 0 -2.6868e+154 1.22439e-311 0 0
100 775 2.6475 4.9765 6.04147 0.1 0 0 7 7 -0 -0 0 0 4.15062e-311 4.49439e-311 0 0
100 784 2.6475 4.9765 6.04147 0.1 0 0 7 7 -0 -0 0 0 6.9513e-310 2.68156e+154 0 0
100 793 2.6475 4.9765 6.04147 0.1 0 0 7 7 -0 -0 0 0 -2.6868e+154 4.76176e-311 0 0
100 802 2.6475 4.9765 6.04147 0.1 0 0 7 7 -0 0.0266735 0 0 4.89544e-311 2.68156e+154 0 0
