591.798 455.989 5.295 9.953 12.0829 0.1 0 75 3 1 -1.87507e-09 -1.34841e-09 0 0 10 6.95293e-310 0 0
597.212 416.766 5.295 9.953 12.0829 0.1 0 161 3 1 7.73475e-11 -2.34163e-09 0 0 6.9513e-310 6.9513e-310 0 0
596.555 436.66 5.295 9.953 12.0829 0.1 0 94 3 1 -3.97076e-11 -1.75772e-09 0 0 6.9513e-310 6.9513e-310 0 0
614.609 428.277 5.295 9.953 12.0829 0.1 0 90 3 1 5.65328e-10 -1.4565e-09 0 0 -0.0592936 -0.00602625 0 0
624.345 445.639 5.295 9.953 12.0829 0.1 0 67 3 1 4.09653e-10 -9.12163e-10 0 0 2.68156e+154 2.68156e+154 0 0
611.171 460.562 5.295 9.953 12.0829 0.1 0 52 3 1 -1.2923e-09 -1.51349e-09 0 0 10 6.95293e-310 0 0
639.122 432.302 5.295 9.953 12.0829 0.1 0 75 3 1 1.00964e-09 -9.11225e-10 0 0 6.9513e-310 6.9513e-310 0 0
643.081 452.361 5.295 9.953 12.0829 0.1 0 49 3 1 7.27935e-10 -5.28204e-10 0 0 10 6.95293e-310 0 0
661.112 428.823 5.295 9.953 12.0829 0.1 0 90 3 1 -4.1266e-10 -2.8931e-10 0 0 6.9513e-310 6.9513e-310 0 0
677.411 440.25 5.295 9.953 12.0829 0.1 0 77 3 1 1.32336e-09 -2.29447e-09 0 0 2.68156e+154 2.68156e+154 0 0
662.941 453.919 5.295 9.953 12.0829 0.1 0 51 3 1 4.97298e-10 -2.09915e-09 0 0 10 6.95293e-310 0 0
697.313 440.64 5.295 9.953 12.0829 0.1 0 110 3 1 1.78748e-09 3.50335e-11 0 0 6.9513e-310 6.9513e-310 0 0
685.204 458.968 5.295 9.953 12.0829 0.1 0 64 3 1 2.59004e-11 -2.67458e-11 0 0 10 6.95293e-310 0 0
587.933 475.515 5.295 9.953 12.0829 0.1 0 65 3 1 -3.27516e-09 -6.97223e-10 0 0 10 6.95293e-310 0 0
607.306 480.088 5.295 9.953 12.0829 0.1 0 44 3 1 -2.46681e-09 -1.00119e-09 0 0 10 6.95293e-310 0 0
651.664 470.321 5.295 9.953 12.0829 0.1 0 36 3 1 1.37156e-09 -3.98857e-10 0 0 6.9513e-310 6.9513e-310 0 0
629.643 467.981 5.295 9.953 12.0829 0.1 0 38 3 1 -1.46971e-10 -2.92793e-09 0 0 10 6.95293e-310 0 0
671.356 473.268 5.295 9.953 12.0829 0.1 0 41 3 1 -2.59004e-11 2.67458e-11 0 0 10 6.95293e-310 0 0
704.067 465.382 5.295 9.953 12.0829 0.1 0 82 3 1 9.35068e-10 -2.05483e-09 0 0 6.9513e-310 6.9513e-310 0 0
695.822 483.5 5.295 9.953 12.0829 0.1 0 65 3 1 2.13578e-09 -8.7356e-10 0 0 10 6.95293e-310 0 0
583.536 494.929 5.295 9.953 12.0829 0.1 0 66 3 2 -1.66073e-09 5.95766e-10 0 0 10 6.95293e-310 0 0
602.391 501.31 5.295 9.953 12.0829 0.1 0 43 3 1 -1.97678e-09 4.29989e-09 0 0 6.9513e-310 6.9513e-310 0 0
621.08 494.458 5.295 9.953 12.0829 0.1 0 34 3 1 -2.32032e-09 3.08193e-10 0 0 10 6.95293e-310 0 0
638.905 485.6 5.295 9.953 12.0829 0.1 0 32 3 1 -1.37873e-09 -1.39538e-09 0 0 2.68156e+154 6.9513e-310 0 0
645.306 504.557 5.295 9.953 12.0829 0.1 1 648 0 0 5.5596e-10 -1.40842e-09 0 0 10 6.95293e-310 0 0
658.516 489.011 5.295 9.953 12.0829 0.1 1 941 0 0 -2.18246e-10 5.48868e-10 0 0 1.29075e-231 6.9513e-310 0 0
664.932 507.881 5.295 9.953 12.0829 0.1 1 1140 0 0 6.32106e-10 -1.19328e-09 0 0 10 6.95293e-310 0 0
678.101 492.564 5.295 9.953 12.0829 0.1 0 43 3 1 1.42747e-09 -1.0683e-10 0 0 3.09872e-303 8.48798e-314 0 0
715.727 483.301 5.295 9.953 12.0829 0.1 0 91 3 1 2.77006e-09 -7.29171e-10 0 0 2.68156e+154 2.68156e+154 0 0
713.955 503.128 5.295 9.953 12.0829 0.1 0 98 3 1 3.11352e-09 -3.74262e-10 0 0 6.9513e-310 6.9513e-310 0 0
720.416 521.956 5.295 9.953 12.0829 0.1 0 105 3 1 7.54299e-10 8.21142e-10 0 0 10 6.95293e-310 0 0
550.273 516.801 5.295 9.953 12.0829 0.1 0 157 3 1 -2.81295e-09 1.81626e-09 0 0 6.9513e-310 6.9513e-310 0 0
566.996 506.003 5.295 9.953 12.0829 0.1 0 91 3 1 -3.12074e-09 4.48053e-11 0 0 2.68156e+154 2.68156e+154 0 0
581.36 519.784 5.295 9.953 12.0829 0.1 0 79 3 1 -2.64357e-09 2.90585e-10 0 0 2.68156e+154 2.68156e+154 0 0
601.031 522.826 5.295 9.953 12.0829 0.1 0 51 3 1 -2.38359e-09 3.59769e-09 0 0 6.9513e-310 6.9513e-310 0 0
583.94 539.522 5.295 9.953 12.0829 0.1 0 73 3 1 -4.55523e-10 2.33331e-10 0 0 10 6.95293e-310 0 0
618.996 514.254 5.295 9.953 12.0829 0.1 0 40 3 1 -2.23608e-09 1.55489e-09 0 0 2.68156e+154 2.68156e+154 0 0
620.551 534.099 5.295 9.953 12.0829 0.1 0 46 3 1 9.3386e-10 1.8911e-09 0 0 10 6.95293e-310 0 0
637.038 522.664 5.295 9.953 12.0829 0.1 1 1393 0 0 1.80298e-10 -1.05546e-09 0 0 6.9513e-310 2.68156e+154 0 0
643.955 541.329 5.295 9.953 12.0829 0.1 0 42 3 1 5.70464e-10 -2.46518e-10 0 0 10 6.95293e-310 0 0
656.664 525.988 5.295 9.953 12.0829 0.1 0 37 3 1 9.35641e-10 -5.68067e-10 0 0 10 6.95293e-310 0 0
694.091 504.418 5.295 9.953 12.0829 0.1 0 54 3 1 2.45323e-09 5.22621e-10 0 0 2.68156e+154 2.68156e+154 0 0
680.643 520.736 5.295 9.953 12.0829 0.1 0 52 3 1 -0 -0 0 0 6.9513e-310 6.9513e-310 0 0
700.552 523.245 5.295 9.953 12.0829 0.1 0 68 3 1 5.77839e-10 2.14582e-09 0 0 10 6.95293e-310 0 0
603.32 544.066 5.295 9.953 12.0829 0.1 0 64 3 1 -2.50312e-10 5.52366e-10 0 0 6.9513e-310 6.9513e-310 0 0
591.335 561.678 5.295 9.953 12.0829 0.1 0 91 3 1 -9.31176e-10 1.48464e-10 0 0 6.9513e-310 6.9513e-310 0 0
572.342 555.719 5.295 9.953 12.0829 0.1 0 121 3 1 -1.22143e-09 -3.8325e-10 0 0 10 6.95293e-310 0 0
611.123 563.837 5.295 9.953 12.0829 0.1 0 76 3 1 -4.30274e-10 7.86561e-10 0 0 -0.0592936 -0.00602625 0 0
608.825 583.609 5.295 9.953 12.0829 0.1 0 122 3 1 -1.45944e-10 1.25583e-09 0 0 10 6.95293e-310 0 0
627.718 552.844 5.295 9.953 12.0829 0.1 0 56 3 1 -2.07719e-11 1.42405e-10 0 0 2.68156e+154 2.68156e+154 0 0
671.989 538.691 5.295 9.953 12.0829 0.1 0 48 3 1 8.58695e-10 7.28043e-10 0 0 2.68156e+154 2.68156e+154 0 0
659.29 554.02 5.295 9.953 12.0829 0.1 0 57 3 1 8.57098e-10 7.92614e-10 0 0 6.9513e-310 2.68156e+154 0 0
656.002 576.79 5.295 9.953 12.0829 0.1 0 89 3 1 -0 -0 0 0 2.68156e+154 2.68156e+154 0 0
692.635 580.356 5.295 9.953 12.0829 0.1 0 126 3 1 1.32075e-10 -4.22568e-11 0 0 8.34403e-309 -1 0 0
673.676 586.422 5.295 9.953 12.0829 0.1 0 110 3 1 6.21435e-10 1.95946e-09 0 0 6.9513e-310 6.9513e-310 0 0
663.93 603.778 5.295 9.953 12.0829 0.1 0 171 3 1 -9.50375e-10 1.6925e-09 0 0 10 6.95293e-310 0 0
705.381 542.556 5.295 9.953 12.0829 0.1 0 90 3 1 3.21836e-09 2.22486e-09 0 0 0 0 0 0
687.459 551.217 5.295 9.953 12.0829 0.1 0 74 3 1 1.76164e-09 6.47372e-10 0 0 6.9513e-310 6.9513e-310 0 0
674.76 566.546 5.295 9.953 12.0829 0.1 0 78 3 1 1.47171e-09 1.27233e-09 0 0 10 6.95293e-310 0 0
80 235 2.6475 4.9765 6.04147 0.1 0 0 7 7 -0 -0.0266735 0 0 9.73472e-309 2.21006e-314 0 0
80 244 2.6475 4.9765 6.04147 0.1 0 0 7 7 -0 -0 0 0 1.5724e-311 3.62225e-311 0 0
80 253 2.6475 4.9765 6.04147 0.1 0 0 7 7 -0 -0 0 0 2.00391 6.9513e-310 0 0
80 262 2.6475 4.9765 6.04147 0.1 0 0 7 7 -0 -0 0 0 2.68156e+154 4.67051e-311 0 0
80 271 2.6475 4.9765 6.04147 0.1 0 0 7 7 -0 -0 0 0 2.32036e+77 5.34743e-311 0 0
80 280 2.6475 4.9765 6.04147 0.1 0 0 7 7 -0 -0 0 0 2.68156e+154 6.95293e-310 0 0
80 289 2.6475 4.9765 6.04147 0.1 0 0 7 7 -0 -0 0 0 1.49458e-154 5.73151e-311 0 0
80 298 2.6475 4.9765 6.04147 0.1 0 0 7 7 -0 -0 0 0 2.44666e-311 3.63073e-311 0 0
80 307 2.6475 4.9765 6.04147 0.1 0 0 7 7 -0 -0 0 0 -3.1111e+231 5.65724e-311 0 0
80 316 2.6475 4.9765 6.04147 0.1 0 0 7 7 -0 -0 0 0 8.38891e-309 4.47317e-311 0 0
80 325 2.6475 4.9765 6.04147 0.1 0 0 7 7 -0 -0 0 0 1.33686e-311 4.48166e-311 0 0
80 334 2.6475 4.9765 6.04147 0.1 0 0 7 7 -0 -0 0 0 6.95123e-310 2.68156e+154 0 0
80 343 2.6475 4.9765 6.04147 0.1 0 0 7 7 -0 -0 0 0 8.34405e-309 1.73061e-77 0 0
80 352 2.6475 4.9765 6.04147 0.1 0 0 7 7 -0 -0 0 0 -1.49458e-154 3.33578e-311 0 0
80 361 2.6475 4.9765 6.04147 0.1 0 0 7 7 -0 -0 0 0 4.49014e-311 2.68156e+154 0 0
80 370 2.6475 4.9765 6.04147 0.1 0 0 7 7 -0 -0 0 0 4.72828e-308 3.39519e-312 0 0
80 379 2.6475 4.9765 6.04147 0.1 0 0 7 7 -0 -0 0 0 3.35488e-311 4.16972e-311 0 0
80 388 2.6475 4.9765 6.04147 0.1 0 0 7 7 -0 -0 0 0 6.95123e-310 6.9513e-310 0 0
80 397 2.6475 4.9765 6.04147 0.1 0 0 7 7 -0 -0 0 0 6.9513e-310 2.68156e+154 0 0
80 406 2.6475 4.9765 6.04147 0.1 0 0 7 7 -0 -0 0 0 2.68156e+154 6.9513e-310 0 0
80 415 2.6475 4.9765 6.04147 0.1 0 0 7 7 -0 -0 0 0 2.68156e+154 5.45565e-311 0 0
80 424 2.6475 4.9765 6.04147 0.1 0 0 7 7 -0 -0 0 0 0 1.49458e-154 0 0
80 433 2.6475 4.9765 6.04147 0.1 0 0 7 7 -0 -0 0 0 2.68156e+154 5.63602e-311 0 0
80 442 2.6475 4.9765 6.04147 0.1 0 0 7 7 -0 -0 0 0 4.1676e-311 4.49863e-311 0 0
80 451 2.6475 4.9765 6.04147 0.1 0 0 7 7 -0 -0 0 0 6.95123e-310 6.9513e-310 0 0
80 460 2.6475 4.9765 6.04147 0.1 0 0 7 7 -0 -0 0 0 4.17204e-309 2.05621e-311 0 0
80 469 2.6475 4.9765 6.04147 0.1 0 0 7 7 -0 -0 0 0 2.21006e-314 1.49458e-154 0 0
80 478 2.6475 4.9765 6.04147 0.1 0 0 7 7 -0 -0 0 0 4.53895e-311 2.68156e+154 0 0
80 487 2.6475 4.9765 6.04147 0.1 0 0 7 7 -0 -0 0 0 1.25615e-308 1.79309e-311 0 0
80 496 2.6475 4.9765 6.04147 0.1 0 0 7 7 -0 -0 0 0 1.78672e-311 3.32305e-311 0 0
80 505 2.6475 4.9765 6.04147 0.1 0 0 7 7 -0 -0 0 0 2.60581e-311 4.14001e-311 0 0
80 514 2.6475 4.9765 6.04147 0.1 0 0 7 7 -0 -0 0 0 2.68156e+154 -1.73061e-77 0 0
80 523 2.6475 4.9765 6.04147 0.1 0 0 7 7 -0 -0 0 0 3.89388e-308 2.56761e-312 0 0
80 532 2.6475 4.9765 6.04147 0.1 0 0 7 7 -0 -0 0 0 9.7347e-309 1.91828e-311 0 0
80 541 2.6475 4.9765 6.04147 0.1 0 0 7 7 -0 -0 0 0 2.68156e+154 1.73061e-77 0 0
80 550 2.6475 4.9765 6.04147 0.1 0 0 7 7 -0 -0 0 0 6.96583e-309 1.24773e-311 0 0
80 559 2.6475 4.9765 6.04147 0.1 0 0 7 7 -0 -0 0 0 1.51305e-306 4.26521e-312 0 0
80 568 2.6475 4.9765 6.04147 0.1 0 0 7 7 -0 -0 0 0 3.00687e-311 2.6868e+154 0 0
80 577 2.6475 4.9765 6.04147 0.1 0 0 7 7 -0 -0 0 0 2.54639e-312 2.68156e+154 0 0
80 586 2.6475 4.9765 6.04147 0.1 0 0 7 7 -0 -0 0 0 2.81793e-309 0 0 0
80 595 2.6475 4.9765 6.04147 0.1 0 0 7 7 -0 -0 0 0 2.81793e-309 0 0 0
80 604 2.6475 4.9765 6.04147 0.1 0 0 7 7 -0 -0 0 0 6.9513e-310 -4.34456e-311 0 0
80 613 2.6475 4.9765 6.04147 0.1 0 0 7 7 -0 -0 0 0 4.58351e-311 2.68156e+154 0 0
80 622 2.6475 4.9765 6.04147 0.1 0 0 7 7 -0 -0 0 0 2.6868e+154 6.95293e-310 0 0
80 631 2.6475 4.9765 6.04147 0.1 0 0 7 7 -0 -0 0 0 2.68156e+154 -2.6868e+154 0 0
80 640 2.6475 4.9765 6.04147 0.1 0 0 7 7 -0 -0 0 0 8.34403e-309 1.39203e-311 0 0
80 649 2.6475 4.9765 6.04147 0.1 0 0 7 7 -0 -0 0 0 2.68857e-311 2.69281e-311 0 0
80 658 2.6475 4.9765 6.04147 0.1 0 0 7 7 -0 -0 0 0 6.95123e-310 6.9513e-310 0 0
80 667 2.6475 4.9765 6.04147 0.1 0 0 7 7 -0 -0 0 0 8.46918e-307 3.35275e-312 0 0
80 676 2.6475 4.9765 6.04147 0.1 0 0 7 7 -0 -0 0 0 2.32036e+77 6.95293e-310 0 0
80 685 2.6475 4.9765 6.04147 0.1 0 0 7 7 -0 -0 0 0 4.60685e-311 2.68156e+154 0 0
80 694 2.6475 4.9765 6.04147 0.1 0 0 7 7 -0 -0 0 0 4.6111e-311 5.54478e-311 0 0
80 703 2.6475 4.9765 6.04147 0.1 0 0 7 7 -0 -0 0 0 4.62171e-311 2.68156e+154 0 0
80 712 2.6475 4.9765 6.04147 0.1 0 0 7 7 -0 -0 0 0 4.62383e-311 2.68156e+154 0 0
80 721 2.6475 4.9765 6.04147 0.1 0 0 7 7 -0 -0 0 0 4.41019e-311 -1.49458e-154 0 0
80 730 2.6475 4.9765 6.04147 0.1 0 0 7 7 -0 -0 0 0 3.3188e-311 4.62383e-311 0 0
80 739 2.6475 4.9765 6.04147 0.1 0 0 7 7 -0 -0 0 0 6.98826e-309 3.84293e-311 0 0
80 748 2.6475 4.9765 6.04147 0.1 0 0 7 7 -0 -0 0 0 -3.1111e+231 5.19465e-311 0 0
80 757 2.6475 4.9765 6.04147 0.1 0 0 7 7 -0 -0 0 0 5.57137e-308 2.51032e-311 0 0
80 766 2.6475 4.9765 6.04147 0.1 0 0 7 7 -0 -0 0 0 -2.32036e+77 4.50288e-311 0 0
80 775 2.6475 4.9765 6.04147 0.1 0 0 7 7 -0 0.0266735 0 0 6.9513e-310 2.00391 0 0
100 208 2.6475 4.9765 6.04147 0.1 0 0 7 7 -0 -0.0266735 0 0 4.43497e-311 4.65141e-311 0 0
100 217 2.6475 4.9765 6.04147 0.1 0 0 7 7 -0 -0 0 0 6.95123e-310 6.9513e-310 0 0
100 226 2.6475 4.9765 6.04147 0.1 0 0 7 7 -0 -0 0 0 2.09035e-308 2.05409e-311 0 0
100 235 2.6475 4.9765 6.04147 0.1 0 0 7 7 -0 -0 0 0 2.68156e+154 6.9513e-310 0 0
100 244 2.6475 4.9765 6.04147 0.1 0 0 7 7 -0 -0 0 0 3.40156e-311 4.46892e-311 0 0
100 253 2.6475 4.9765 6.04147 0.1 0 0 7 7 -0 -0 0 0 3.83657e-311 4.59836e-311 0 0
100 262 2.6475 4.9765 6.04147 0.1 0 0 7 7 -0 -0 0 0 2.81846e-309 0 0 0
100 271 2.6475 4.9765 6.04147 0.1 0 0 7 7 -0 -0 0 0 2.68156e+154 6.9513e-310 0 0
100 280 2.6475 4.9765 6.04147 0.1 0 0 7 7 -0 -0 0 0 3.01111e-311 4.67688e-311 0 0
100 289 2.6475 4.9765 6.04147 0.1 0 0 7 7 -0 -0 0 0 2.68156e+154 6.95293e-310 0 0
100 298 2.6475 4.9765 6.04147 0.1 0 0 7 7 0.000779666 0.0270049 0 0 -1.49458e-154 4.69598e-311 0 0
108.7 301.696 2.6475 4.9765 6.04147 0.1 0 0 7 15 0.00059843 0.000173061 0 0 4.6981e-311 -1.29075e-231 0 0
117.548 304.935 2.6475 4.9765 6.04147 600 0 678 7 13 -0.0011661 -0.000453943 0 0 0.998867 -0.0475976 0 0
126.77 307.13 2.6475 4.9765 6.04147 600 0 716 7 13 0.00173953 6.96533e-05 0 0 0.994742 -0.102416 0 0
136.15 307.709 2.6475 4.9765 6.04147 600 0 754 7 13 -0.00216169 -9.22654e-05 0 0 0.986631 -0.162972 0 0
145.568 306.458 2.6475 4.9765 6.04147 600 0 792 7 15 0.0024246 -0.000741355 0 0 0.953488 -0.301431 0 0
154.5 303.58 2.6475 4.9765 6.04147 600 0 1246 7 13 -0.00249308 0.000848758 0 0 0.766917 -0.641747 0 0
163.059 299.426 2.6475 4.9765 6.04147 600 0 1284 7 13 0.00243357 -0.00146062 0 0 0.858098 -0.513487 0 0
171.052 294.509 2.6475 4.9765 6.04147 600 0 1322 7 13 -0.00223966 0.00138529 0 0 0.667045 -0.745018 0 0
178.82 289.014 2.6475 4.9765 6.04147 600 0 1360 7 13 0.00215291 -0.00162217 0 0 0.597346 -0.801984 0 0
186.315 283.352 2.6475 4.9765 6.04147 600 0 1398 7 13 -0.00191158 0.00144527 0 0 0.68878 -0.72497 0 0
193.947 277.661 2.6475 4.9765 6.04147 600 0 1436 7 13 0.00244203 -0.0013957 0 0 0.63239 -0.774651 0 0
202.047 272.911 2.6475 4.9765 6.04147 600 0 1474 9 13 -0.00343389 0.000155633 0 0 0.637491 -0.770458 0 0
211.592 270.971 2.6475 4.9765 6.04147 600 0 254 8 10 0.00887296 -0.0259893 0 0 0.790053 -0.613039 0 0
209.769 280.939 2.6475 4.9765 6.04147 600 0 1474 9 14 -0.00829044 0.0312503 0 0 0.7818 -0.62353 0 0
204.075 287.911 2.6475 4.9765 6.04147 600 0 1436 7 14 0.0144834 -0.014045 0 0 0.846517 -0.532362 0 0
196.203 293.998 2.6475 4.9765 6.04147 600 0 1398 7 14 -0.0154789 0.0129161 0 0 0.78108 -0.624431 0 0
189.356 300.353 2.6475 4.9765 6.04147 600 0 1360 7 14 0.00328351 -0.00300432 0 0 0.723584 -0.690236 0 0
182.336 306.905 2.6475 4.9765 6.04147 600 0 1322 7 14 0.00136061 -0.00104486 0 0 0.889421 -0.457089 0 0
173.272 309.517 2.6475 4.9765 6.04147 600 0 1284 7 14 0.00396603 0.00169224 0 0 0.769823 -0.638257 0 0
180.026 316.048 2.6475 4.9765 6.04147 600 0 944 7 15 0.000689111 -0.0031869 0 0 0.924147 -0.382037 0 0
189.19 318.819 2.6475 4.9765 6.04147 600 0 982 7 13 0.00516274 -0.00152221 0 0 0.983933 -0.17854 0 0
198.493 317.898 2.6475 4.9765 6.04147 600 0 1020 7 13 -0.0121789 0.00115774 0 0 0.96771 -0.252066 0 0
208.26 317.058 2.6475 4.9765 6.04147 600 0 1058 7 13 0.013792 -0.00138389 0 0 0.942516 -0.33416 0 0
217.257 316.091 2.6475 4.9765 6.04147 600 0 1096 7 13 -0.0340251 0.00386943 0 0 0.963029 -0.269399 0 0
227.458 314.91 2.6475 4.9765 6.04147 600 0 1134 7 13 0.0336377 -0.00387668 0 0 0.942943 -0.332955 0 0
236.146 313.926 2.6475 4.9765 6.04147 600 0 1172 7 13 -0.0211472 0.00226986 0 0 0.960835 -0.27712 0 0
246.01 312.909 2.6475 4.9765 6.04147 600 0 1210 7 13 0.0181558 -0.00177273 0 0 0.927099 -0.374817 0 0
255.082 312.129 2.6475 4.9765 6.04147 600 0 1248 7 13 -0.00827036 0.000650281 0 0 0.961263 -0.275632 0 0
264.7 311.553 2.6475 4.9765 6.04147 600 0 1286 7 13 0.00628211 -0.00028271 0 0 0.975023 -0.222105 0 0
274.046 311.218 2.6475 4.9765 6.04147 600 0 1324 7 13 -0.00305689 0.000135183 0 0 0.915695 -0.401873 0 0
283.582 311.163 2.6475 4.9765 6.04147 600 0 1362 7 13 0.0021026 9.93333e-05 0 0 0.901663 -0.43244 0 0
293.008 311.466 2.6475 4.9765 6.04147 600 0 1400 7 13 -0.00143804 1.36341e-05 0 0 0.97496 -0.22238 0 0
302.479 312.152 2.6475 4.9765 6.04147 600 0 1438 7 13 0.000667239 0.00049638 0 0 0.95653 -0.291634 0 0
311.582 314.678 2.6475 4.9765 6.04147 600 0 1476 9 13 -0.000818835 -0.000258964 0 0 0.999954 0.00959439 0 0
319.105 320.451 2.6475 4.9765 6.04147 0.1 0 822 8 10 0.00053248 -0.000140102 0 0 0.999992 0.00412249 0 0
311.119 325.539 2.6475 4.9765 6.04147 600 0 1476 9 14 -0.000827649 0.000427789 0 0 0.999954 0.00959439 0 0
301.805 326.97 2.6475 4.9765 6.04147 600 0 1438 7 14 0.00105869 -0.00032089 0 0 0.968191 0.250212 0 0
292.44 325.523 2.6475 4.9765 6.04147 600 0 1400 7 14 -0.0014037 3.67977e-05 0 0 0.985874 0.167486 0 0
283.02 325.315 2.6475 4.9765 6.04147 600 0 1362 7 14 0.00111125 7.07603e-05 0 0 0.97652 0.215428 0 0
273.543 325.652 2.6475 4.9765 6.04147 600 0 1324 7 14 -0.00123947 4.41705e-05 0 0 0.986961 0.160958 0 0
264.116 325.989 2.6475 4.9765 6.04147 600 0 1286 7 14 0.000804548 1.19228e-08 0 0 0.997488 0.070829 0 0
254.652 326.548 2.6475 4.9765 6.04147 600 0 1248 7 14 -0.000786685 0.000138528 0 0 0.977238 0.212145 0 0
245.255 327.53 2.6475 4.9765 6.04147 600 0 1210 7 14 0.000458525 -3.66397e-05 0 0 0.968792 0.247876 0 0
235.839 328.583 2.6475 4.9765 6.04147 600 0 1172 7 14 -0.000405642 5.36388e-05 0 0 0.988653 0.150217 0 0
226.445 329.673 2.6475 4.9765 6.04147 600 0 1134 7 14 0.000258212 -3.34522e-05 0 0 0.975864 0.218378 0 0
217.035 330.746 2.6475 4.9765 6.04147 600 0 1096 7 14 -0.00016519 6.37077e-06 0 0 0.992366 0.12333 0 0
207.628 331.755 2.6475 4.9765 6.04147 600 0 1058 7 14 0.000182264 -4.39839e-05 0 0 0.984524 0.175251 0 0
198.202 332.631 2.6475 4.9765 6.04147 600 0 1020 7 14 -3.67405e-05 -3.42561e-05 0 0 0.995852 0.0909913 0 0
188.767 333.302 2.6475 4.9765 6.04147 600 0 982 7 14 0.000182952 -4.9602e-05 0 0 0.988421 0.151739 0 0
179.316 333.751 2.6475 4.9765 6.04147 600 0 944 7 14 2.39003e-05 -4.30741e-05 0 0 0.999537 0.0304275 0 0
169.864 333.939 2.6475 4.9765 6.04147 600 0 906 7 14 0.000224395 -4.12393e-05 0 0 0.977548 0.210712 0 0
160.409 333.859 2.6475 4.9765 6.04147 600 0 868 7 14 4.51625e-05 -4.30255e-05 0 0 0.993052 0.117674 0 0
150.971 333.453 2.6475 4.9765 6.04147 600 0 830 7 14 0.000272731 -3.57345e-05 0 0 0.990067 0.140596 0 0
141.561 332.594 2.6475 4.9765 6.04147 600 0 792 7 14 4.73411e-05 0.00010064 0 0 0.997452 0.0713438 0 0
132.123 332.708 2.6475 4.9765 6.04147 600 0 754 7 14 0.00027582 0.000267962 0 0 0.997789 0.0664662 0 0
123.432 336.396 2.6475 4.9765 6.04147 600 0 716 7 14 9.20416e-06 0.000132309 0 0 0.997735 -0.0672621 0 0
115.465 341.452 2.6475 4.9765 6.04147 600 0 678 7 14 6.19625e-05 -0.000113926 0 0 0.987566 -0.157202 0 0
107.052 345.73 2.6475 4.9765 6.04147 0.1 0 0 7 15 7.75188e-05 0.000154604 0 0 4.21546e-309 1.5151e-311 0 0
100 352 2.6475 4.9765 6.04147 0.1 0 0 7 7 0.000507889 -0.0271254 0 0 4.71295e-311 2.68156e+154 0 0
100 361 2.6475 4.9765 6.04147 0.1 0 0 7 7 -0 -0 0 0 2.36849e-308 1.51723e-311 0 0
100 370 2.6475 4.9765 6.04147 0.1 0 0 7 7 -0 -0 0 0 2.82851e-309 2.32036e+77 0 0
100 379 2.6475 4.9765 6.04147 0.1 0 0 7 7 -0 -0 0 0 2.68156e+154 6.9513e-310 0 0
100 388 2.6475 4.9765 6.04147 0.1 0 0 7 7 -0 -0 0 0 6.9513e-310 4.34456e-311 0 0
100 397 2.6475 4.9765 6.04147 0.1 0 0 7 7 -0 -0 0 0 2.69918e-311 3.13419e-311 0 0
100 406 2.6475 4.9765 6.04147 0.1 0 0 7 7 -0 -0 0 0 2.22915e-308 2.27054e-311 0 0
100 415 2.6475 4.9765 6.04147 0.1 0 0 7 7 -0 -0 0 0 1.11702e-308 2.04773e-311 0 0
100 424 2.6475 4.9765 6.04147 0.1 0 0 7 7 -0 -0 0 0 4.73842e-311 2.68156e+154 0 0
100 433 2.6475 4.9765 6.04147 0.1 0 0 7 7 -0 -0 0 0 2.68156e+154 -4.34456e-311 0 0
100 442 2.6475 4.9765 6.04147 0.1 0 0 7 7 -0 -0 0 0 4.17201e-309 1.07585e-311 0 0
100 451 2.6475 4.9765 6.04147 0.1 0 0 7 7 -0 -0 0 0 1.70396e-311 -3.1111e+231 0 0
100 460 2.6475 4.9765 6.04147 0.1 0 0 7 7 -0 -0 0 0 4.7469e-311 2.68156e+154 0 0
100 469 2.6475 4.9765 6.04147 0.1 0 0 7 7 -0 -0 0 0 3.10024e-311 4.01269e-311 0 0
100 478 2.6475 4.9765 6.04147 0.1 0 0 7 7 -0 -0 0 0 4.75115e-311 2.68156e+154 0 0
100 487 2.6475 4.9765 6.04147 0.1 0 0 7 7 -0 -0 0 0 2.68156e+154 1.73061e-77 0 0
100 496 2.6475 4.9765 6.04147 0.1 0 0 7 7 -0 -0 0 0 2.82238e-309 0 0 0
100 505 2.6475 4.9765 6.04147 0.1 0 0 7 7 -0 -0 0 0 1.58937e-311 4.50712e-311 0 0
100 514 2.6475 4.9765 6.04147 0.1 0 0 7 7 -0 -0 0 0 2.68156e+154 2.68156e+154 0 0
100 523 2.6475 4.9765 6.04147 0.1 0 0 7 7 -0 -0 0 0 9.47568e-308 8.91238e-312 0 0
100 532 2.6475 4.9765 6.04147 0.1 0 0 7 7 -0 -0 0 0 4.78086e-311 2.68156e+154 0 0
100 541 2.6475 4.9765 6.04147 0.1 0 0 7 7 -0 -0 0 0 2.82918e-309 1.96921e-311 0 0
100 550 2.6475 4.9765 6.04147 0.1 0 0 7 7 -0 -0 0 0 6.95123e-310 6.9513e-310 0 0
100 559 2.6475 4.9765 6.04147 0.1 0 0 7 7 -0 -0 0 0 4.21546e-309 2.43605e-311 0 0
100 568 2.6475 4.9765 6.04147 0.1 0 0 7 7 -0 -0 0 0 -1.29075e-231 6.95293e-310 0 0
100 577 2.6475 4.9765 6.04147 0.1 0 0 7 7 -0 -0 0 0 4.86714e-309 3.05567e-312 0 0
100 586 2.6475 4.9765 6.04147 0.1 0 0 7 7 -0 -0 0 0 2.14746e-311 2.68156e+154 0 0
100 595 2.6475 4.9765 6.04147 0.1 0 0 7 7 -0 -0 0 0 4.37343e-311 2.32036e+77 0 0
100 604 2.6475 4.9765 6.04147 0.1 0 0 7 7 -0 -0 0 0 6.9513e-310 -1.73061e-77 0 0
100 613 2.6475 4.9765 6.04147 0.1 0 0 7 7 -0 -0 0 0 3.77079e-311 4.11243e-311 0 0
100 622 2.6475 4.9765 6.04147 0.1 0 0 7 7 -0 -0 0 0 1.49458e-154 6.95293e-310 0 0
100 631 2.6475 4.9765 6.04147 0.1 0 0 7 7 -0 -0 0 0 -2.6868e+154 5.68058e-311 0 0
100 640 2.6475 4.9765 6.04147 0.1 0 0 7 7 -0 -0 0 0 1.29075e-231 4.37343e-311 0 0
100 649 2.6475 4.9765 6.04147 0.1 0 0 7 7 -0 -0 0 0 6.9513e-310 1.49458e-154 0 0
100 658 2.6475 4.9765 6.04147 0.1 0 0 7 7 0.000454706 0.0269158 0 0 1.29075e-231 4.81693e-311 0 0
107.714 662.128 2.6475 4.9765 6.04147 0.1 0 0 7 15 -0.0333414 -0.0167617 0 0 2.81534e-309 3.39732e-311 0 0
117.012 666.788 2.6475 4.9765 6.04147 600 0 695 7 13 0.040668 0.0198488 0 0 0.990817 0.135206 0 0
124.578 670.067 2.6475 4.9765 6.04147 600 0 695 7 13 -0.0498691 -0.0166421 0 0 0.997481 0.070935 0 0
134.78 673.294 2.6475 4.9765 6.04147 600 0 733 7 13 0.0483959 0.0144813 0 0 0.999958 0.00915383 0 0
143.066 674.847 2.6475 4.9765 6.04147 600 0 771 7 15 -0.0520756 -0.00318536 0 0 0.998212 0.0597684 0 0
153.738 675.32 2.6475 4.9765 6.04147 600 0 1228 7 13 0.0507726 0.0015314 0 0 0.929852 -0.367933 0 0
162.329 674.473 2.6475 4.9765 6.04147 600 0 1266 7 13 -0.050924 0.0106163 0 0 0.946005 -0.324153 0 0
172.814 672.161 2.6475 4.9765 6.04147 600 0 1304 7 13 0.0531685 -0.0122797 0 0 0.933414 -0.3588 0 0
180.859 669.789 2.6475 4.9765 6.04147 600 0 1342 7 13 -0.0387122 0.015644 0 0 0.787749 -0.615997 0 0
190.508 665.712 2.6475 4.9765 6.04147 600 0 1380 7 13 0.0408067 -0.0150823 0 0 0.859571 -0.511016 0 0
199.155 664.563 2.6475 4.9765 6.04147 600 0 1418 7 13 -0.016284 0.0120235 0 0 0.794166 -0.607701 0 0
204.726 656.505 2.6475 4.9765 6.04147 600 0 1456 7 13 0.0100519 -0.0100667 0 0 0.860739 -0.509047 0 0
213.904 657.79 2.6475 4.9765 6.04147 600 0 1494 9 13 -0.00397248 -0.00114014 0 0 0.84038 -0.541997 0 0
223.269 659.565 2.6475 4.9765 6.04147 600 0 272 8 10 0.00264832 0.000386898 0 0 0.899515 -0.43689 0 0
218.49 667.597 2.6475 4.9765 6.04147 600 0 1494 9 14 0.00322276 -0.00615193 0 0 0.899515 -0.43689 0 0
214.814 676.432 2.6475 4.9765 6.04147 600 0 1456 7 14 -0.0110998 0.0040234 0 0 0.947591 -0.319486 0 0
205.283 674.691 2.6475 4.9765 6.04147 600 0 1418 7 14 0.00427315 0.00437782 0 0 0.936528 -0.350593 0 0
196.948 679.59 2.6475 4.9765 6.04147 600 0 1380 7 14 -0.00379991 0.000995147 0 0 0.910141 -0.414299 0 0
188.11 683.577 2.6475 4.9765 6.04147 600 0 1342 7 14 0.000783744 -0.000762092 0 0 0.960711 -0.277552 0 0
179.206 687.113 2.6475 4.9765 6.04147 600 0 1304 7 14 0.00681499 -0.00307301 0 0 0.918705 -0.394944 0 0
170.012 689.562 2.6475 4.9765 6.04147 600 0 1266 7 14 0.00444884 0.00334822 0 0 0.99962 -0.0275716 0 0
176.653 696.223 2.6475 4.9765 6.04147 600 0 923 7 15 -0.00140951 -0.00270217 0 0 0.999 0.0447101 0 0
185.902 698.783 2.6475 4.9765 6.04147 600 0 961 7 13 0.00403855 0.00188233 0 0 0.997768 -0.0667746 0 0
194.568 702.229 2.6475 4.9765 6.04147 600 0 999 7 13 -0.0112367 -0.00374815 0 0 0.999955 0.00943621 0 0
203.984 704.638 2.6475 4.9765 6.04147 600 0 1037 7 13 0.00992869 0.00256644 0 0 0.998774 -0.0494958 0 0
212.925 706.99 2.6475 4.9765 6.04147 600 0 1075 7 13 -0.00685266 -0.00179546 0 0 0.992919 0.118797 0 0
222.215 709.403 2.6475 4.9765 6.04147 600 0 1113 7 13 0.00484826 0.00128487 0 0 0.998278 0.058655 0 0
231.266 711.833 2.6475 4.9765 6.04147 600 0 1151 7 13 -0.00186151 -0.000500472 0 0 0.999222 0.0394464 0 0
240.449 714.291 2.6475 4.9765 6.04147 600 0 1189 7 13 0.00118366 0.000293045 0 0 0.994796 -0.101882 0 0
249.595 716.644 2.6475 4.9765 6.04147 600 0 1227 7 13 -0.00066336 -0.000181667 0 0 0.988789 -0.149318 0 0
258.789 718.947 2.6475 4.9765 6.04147 600 0 1265 7 13 0.000189612 6.50888e-05 0 0 0.986492 0.163809 0 0
267.939 721.328 2.6475 4.9765 6.04147 600 0 1303 7 13 -0.000441984 -8.51982e-05 0 0 0.997577 -0.0695729 0 0
277.04 723.895 2.6475 4.9765 6.04147 600 0 1341 7 13 -0.000339514 -8.26543e-05 0 0 0.99422 -0.107364 0 0
286.109 726.575 2.6475 4.9765 6.04147 600 0 1379 7 13 0.000118716 0.000239732 0 0 0.978233 -0.207509 0 0
294.629 730.617 2.6475 4.9765 6.04147 600 0 1417 7 13 -0.000740003 -0.000567701 0 0 0.990901 -0.134592 0 0
304.052 729.978 2.6475 4.9765 6.04147 600 0 1455 7 13 0.000145314 0.000772261 0 0 0.982622 -0.185617 0 0
309.59 737.588 2.6475 4.9765 6.04147 600 0 1493 9 13 -0.000582843 -0.000810518 0 0 0.999292 0.0376324 0 0
314.608 745.593 2.6475 4.9765 6.04147 0.1 0 843 8 10 -0.00201465 0.00197881 0 0 0.966877 0.255243 0 0
305.365 747.778 2.6475 4.9765 6.04147 600 0 1493 9 14 -0.000104548 0.000403274 0 0 0.904847 0.425737 0 0
296.279 750.551 2.6475 4.9765 6.04147 600 0 1455 7 14 -0.00067256 -0.00942862 0 0 0.909568 0.415555 0 0
291.057 742.531 2.6475 4.9765 6.04147 600 0 1417 7 14 -0.000585517 0.00708295 0 0 0.813857 0.581065 0 0
281.736 740.863 2.6475 4.9765 6.04147 600 0 1379 7 14 0.00669817 0.00136169 0 0 0.847369 0.531004 0 0
272.747 737.312 2.6475 4.9765 6.04147 600 0 1341 7 14 -0.00775269 -0.00219459 0 0 0.895767 0.444523 0 0
263.732 734.933 2.6475 4.9765 6.04147 600 0 1303 7 14 0.00847251 0.00220064 0 0 0.899111 0.43772 0 0
254.314 732.638 2.6475 4.9765 6.04147 600 0 1265 7 14 -0.00817658 -0.00189431 0 0 0.944434 0.328701 0 0
245.168 730.55 2.6475 4.9765 6.04147 600 0 1227 7 14 0.00429976 0.000926869 0 0 0.861052 0.508517 0 0
235.781 728.159 2.6475 4.9765 6.04147 600 0 1189 7 14 -0.00699487 -0.00192385 0 0 0.894983 0.4461 0 0
226.871 725.747 2.6475 4.9765 6.04147 600 0 1151 7 14 0.0292519 0.00772561 0 0 0.927694 0.373341 0 0
217.037 723.177 2.6475 4.9765 6.04147 600 0 1113 7 14 -0.0283966 -0.00736799 0 0 0.845737 0.5336 0 0
208.414 720.98 2.6475 4.9765 6.04147 600 0 1075 7 14 0.0148246 0.00377608 0 0 0.888063 0.459722 0 0
198.902 718.558 2.6475 4.9765 6.04147 600 0 1037 7 14 -0.0132843 -0.00350373 0 0 0.81537 0.57894 0 0
190.014 716.129 2.6475 4.9765 6.04147 600 0 999 7 14 0.00879775 0.00242253 0 0 0.870071 0.492926 0 0
180.702 713.5 2.6475 4.9765 6.04147 600 0 961 7 14 -0.00720434 -0.00202963 0 0 0.90734 0.420397 0 0
171.705 710.969 2.6475 4.9765 6.04147 600 0 923 7 14 0.00446291 0.00128969 0 0 0.942222 0.334989 0 0
162.363 708.849 2.6475 4.9765 6.04147 600 0 885 7 14 -0.00316189 -0.000732022 0 0 0.951719 0.306972 0 0
153.178 706.735 2.6475 4.9765 6.04147 600 0 847 7 14 0.00202586 0.00072048 0 0 0.92352 0.383551 0 0
143.701 705.906 2.6475 4.9765 6.04147 600 0 809 7 14 -0.000624348 -0.000193251 0 0 0.941636 0.336634 0 0
134.35 704.564 2.6475 4.9765 6.04147 600 0 771 7 14 0.00114026 0.000691011 0 0 0.970462 0.241254 0 0
125.237 707.095 2.6475 4.9765 6.04147 600 0 733 7 14 0.000415267 -0.000635692 0 0 0.976382 0.216049 0 0
116.321 703.979 2.6475 4.9765 6.04147 600 0 695 7 14 -0.000166029 0.000421315 0 0 0.975724 0.219005 0 0
107.38 700.997 2.6475 4.9765 6.04147 600 0 657 7 14 0.000585107 9.08804e-05 0 0 0.999935 0.0113851 0 0
109.261 710.219 2.6475 4.9765 6.04147 0.1 0 0 7 15 9.86258e-05 -0.000165383 0 0 5.47263e-311 6.9513e-310 0 0
100 712 2.6475 4.9765 6.04147 0.1 0 0 7 7 0.000302431 -0.0267316 0 0 -1.49458e-154 5.03337e-311 0 0
100 721 2.6475 4.9765 6.04147 0.1 0 0 7 7 -0 -0 0 0 1.00795e-311 2.68156e+154 0 0
100 730 2.6475 4.9765 6.04147 0.1 0 0 7 7 -0 -0 0 0 9.76598e-309 3.83232e-311 0 0
100 739 2.6475 4.9765 6.04147 0.1 0 0 7 7 -0 -0 0 0 -1.49458e-154 5.7591e-311 0 0
100 748 2.6475 4.9765 6.04147 0.1 0 0 7 7 -0 -0 0 0 2.83008e-309 6.9513e-310 0 0
100 757 2.6475 4.9765 6.04147 0.1 0 0 7 7 -0 -0 0 0 3.24453e-311 4.87635e-311 0 0
100 766 2.6475 4.9765 6.04147 0.1 0 0 7 7 -0 -0 0 0 -2.6868e+154 1.22439e-311 0 0
100 775 2.6475 4.9765 6.04147 0.1 0 0 7 7 -0 -0 0 0 4.15062e-311 4.49439e-311 0 0
100 784 2.6475 4.9765 6.04147 0.1 0 0 7 7 -0 -0 0 0 6.9513e-310 2.68156e+154 0 0
100 793 2.6475 4.9765 6.04147 0.1 0 0 7 7 -0 -0 0 0 -2.6868e+154 4.76176e-311 0 0
100 802 2.6475 4.9765 6.04147 0.1 0 0 7 7 -0 0.0266735 0 0 4.89544e-311 2.68156e+154 0 0
