582.709 457.169 5.295 9.953 12.0829 0.1 0 75 3 1 -1.1952e-05 -5.21445e-06 0 0 10 6.95293e-310 0 0
606.113 409.445 5.295 9.953 12.0829 0.1 0 161 3 1 -5.40346e-05 -1.40451e-05 0 0 6.9513e-310 6.9513e-310 0 0
601.665 463.143 5.295 9.953 12.0829 0.1 0 94 3 1 -1.02655e-05 -1.41006e-05 0 0 6.9513e-310 6.9513e-310 0 0
625.314 414.436 5.295 9.953 12.0829 0.1 0 90 3 1 -3.7515e-05 -1.93805e-05 0 0 -0.0592936 -0.00602625 0 0
643.931 421.232 5.295 9.953 12.0829 0.1 0 67 3 1 9.02709e-06 -9.72188e-05 0 0 2.68156e+154 2.68156e+154 0 0
617.14 475.588 5.295 9.953 12.0829 0.1 0 52 3 1 -2.61659e-05 8.04216e-06 0 0 10 6.95293e-310 0 0
649.875 402.333 5.295 9.953 12.0829 0.1 0 75 3 1 3.37811e-05 -0.000107419 0 0 6.9513e-310 6.9513e-310 0 0
661.833 454.502 5.295 9.953 12.0829 0.1 0 49 3 1 0.000134223 6.59428e-05 0 0 10 6.95293e-310 0 0
663.942 426.748 5.295 9.953 12.0829 0.1 0 90 3 1 0.000130221 -0.000215346 0 0 6.9513e-310 6.9513e-310 0 0
681.446 436.167 5.295 9.953 12.0829 0.1 0 77 3 1 2.41581e-06 4.37455e-06 0 0 2.68156e+154 2.68156e+154 0 0
681.464 456.149 5.295 9.953 12.0829 0.1 0 51 3 1 0.000159457 1.5514e-05 0 0 10 6.95293e-310 0 0
701.259 437.834 5.295 9.953 12.0829 0.1 0 110 3 1 6.98765e-06 -3.35115e-05 0 0 6.9513e-310 6.9513e-310 0 0
701.138 457.688 5.295 9.953 12.0829 0.1 0 64 3 1 0.000184548 -2.26132e-05 0 0 10 6.95293e-310 0 0
582.693 477.064 5.295 9.953 12.0829 0.1 0 65 3 1 -1.64475e-05 -7.03041e-06 0 0 10 6.95293e-310 0 0
600.353 486.167 5.295 9.953 12.0829 0.1 0 44 3 1 -2.75238e-05 1.08368e-05 0 0 10 6.95293e-310 0 0
655.613 473.251 5.295 9.953 12.0829 0.1 0 36 3 1 -3.13046e-05 2.50506e-05 0 0 6.9513e-310 6.9513e-310 0 0
636.103 469.824 5.295 9.953 12.0829 0.1 0 38 3 1 -3.04533e-05 -2.62524e-05 0 0 10 6.95293e-310 0 0
675.67 475.391 5.295 9.953 12.0829 0.1 1 2910 0 0 -7.22125e-07 -3.7817e-06 0 0 10 6.95293e-310 0 0
719.15 465.855 5.295 9.953 12.0829 0.1 0 82 3 1 0.000191415 8.9633e-06 0 0 6.9513e-310 6.9513e-310 0 0
696.063 483.387 5.295 9.953 12.0829 0.1 0 65 3 1 -0 -0 0 0 10 6.95293e-310 0 0
583.203 497.223 5.295 9.953 12.0829 0.1 0 66 3 2 -8.66455e-08 -4.26691e-08 0 0 10 6.95293e-310 0 0
601.059 506.016 5.295 9.953 12.0829 0.1 0 43 3 1 -8.18244e-07 7.31312e-06 0 0 6.9513e-310 6.9513e-310 0 0
620.724 495.14 5.295 9.953 12.0829 0.1 0 34 3 1 7.46181e-07 2.93659e-06 0 0 10 6.95293e-310 0 0
639.775 489.404 5.295 9.953 12.0829 0.1 1 1620 0 0 6.28215e-07 -2.42812e-06 0 0 2.68156e+154 6.9513e-310 0 0
647.123 507.89 5.295 9.953 12.0829 0.1 1 648 0 0 -2.22512e-05 7.61493e-06 0 0 10 6.95293e-310 0 0
659.699 492.582 5.295 9.953 12.0829 0.1 1 941 0 0 1.27198e-05 2.95059e-05 0 0 1.29075e-231 6.9513e-310 0 0
667.226 510.887 5.295 9.953 12.0829 0.1 1 1140 0 0 2.60811e-05 3.49223e-05 0 0 10 6.95293e-310 0 0
679.4 494.927 5.295 9.953 12.0829 0.1 1 2177 0 0 2.1168e-05 -1.1852e-05 0 0 3.09872e-303 8.48798e-314 0 0
718.691 485.678 5.295 9.953 12.0829 0.1 0 91 3 1 6.80864e-06 1.79108e-05 0 0 2.68156e+154 2.68156e+154 0 0
715.839 505.309 5.295 9.953 12.0829 0.1 0 98 3 1 6.74739e-06 2.89543e-05 0 0 6.9513e-310 6.9513e-310 0 0
722.591 523.982 5.295 9.953 12.0829 0.1 0 105 3 1 2.88596e-05 2.89649e-05 0 0 10 6.95293e-310 0 0
550.505 519.489 5.295 9.953 12.0829 0.1 0 157 3 1 0.000324546 0.000427273 0 0 6.9513e-310 6.9513e-310 0 0
565.128 505.893 5.295 9.953 12.0829 0.1 0 91 3 1 -2.46043e-07 -1.74246e-07 0 0 2.68156e+154 2.68156e+154 0 0
581.369 517.394 5.295 9.953 12.0829 0.1 0 79 3 1 2.16938e-07 6.36596e-08 0 0 2.68156e+154 2.68156e+154 0 0
603.073 525.782 5.295 9.953 12.0829 0.1 0 51 3 1 -6.43705e-07 3.72164e-06 0 0 6.9513e-310 6.9513e-310 0 0
586.435 536.642 5.295 9.953 12.0829 0.1 0 73 3 1 -3.7887e-06 -2.15402e-06 0 0 10 6.95293e-310 0 0
619.782 514.999 5.295 9.953 12.0829 0.1 0 40 3 1 1.54128e-06 3.40115e-06 0 0 2.68156e+154 2.68156e+154 0 0
620.322 535.651 5.295 9.953 12.0829 0.1 0 46 3 1 -1.16083e-06 3.68979e-06 0 0 10 6.95293e-310 0 0
637.013 524.938 5.295 9.953 12.0829 0.1 1 1393 0 0 -1.45027e-07 2.09086e-05 0 0 6.9513e-310 2.68156e+154 0 0
644.493 543.335 5.295 9.953 12.0829 0.1 0 42 3 1 4.34515e-06 2.0201e-05 0 0 10 6.95293e-310 0 0
656.719 527.707 5.295 9.953 12.0829 0.1 1 1828 0 0 -8.07025e-06 1.6224e-05 0 0 10 6.95293e-310 0 0
695.986 505.832 5.295 9.953 12.0829 0.1 0 54 3 1 4.75687e-06 1.49658e-05 0 0 2.68156e+154 2.68156e+154 0 0
682.952 522.952 5.295 9.953 12.0829 0.1 1 2646 0 0 3.12154e-05 3.72066e-05 0 0 6.9513e-310 6.9513e-310 0 0
702.731 524.533 5.295 9.953 12.0829 0.1 0 68 3 1 3.35846e-05 3.3504e-06 0 0 10 6.95293e-310 0 0
603.704 546.488 5.295 9.953 12.0829 0.1 0 64 3 1 -1.85117e-06 -2.48523e-05 0 0 6.9513e-310 6.9513e-310 0 0
593.353 563.404 5.295 9.953 12.0829 0.1 0 91 3 1 7.80444e-05 6.72326e-06 0 0 6.9513e-310 6.9513e-310 0 0
567.88 543.742 5.295 9.953 12.0829 0.1 0 121 3 1 -4.04722e-05 -0.000104102 0 0 10 6.95293e-310 0 0
612.827 567.07 5.295 9.953 12.0829 0.1 0 76 3 1 5.70597e-05 4.1119e-05 0 0 -0.0592936 -0.00602625 0 0
608.404 586.44 5.295 9.953 12.0829 0.1 0 122 3 1 -3.96403e-06 1.73628e-05 0 0 10 6.95293e-310 0 0
627.806 554.066 5.295 9.953 12.0829 0.1 0 56 3 1 3.25859e-06 -6.17617e-07 0 0 2.68156e+154 2.68156e+154 0 0
672.479 539.837 5.295 9.953 12.0829 0.1 0 48 3 1 -4.77762e-06 1.06186e-05 0 0 2.68156e+154 2.68156e+154 0 0
660.207 555.482 5.295 9.953 12.0829 0.1 0 57 3 1 5.98795e-06 1.22809e-05 0 0 6.9513e-310 2.68156e+154 0 0
656.002 576.79 5.295 9.953 12.0829 0.1 0 89 3 1 -0 -0 0 0 2.68156e+154 2.68156e+154 0 0
692.635 580.356 5.295 9.953 12.0829 0.1 0 126 3 1 -0 -0 0 0 8.34403e-309 -1 0 0
673.854 587.192 5.295 9.953 12.0829 0.1 0 110 3 1 9.76007e-07 4.10301e-06 0 0 6.9513e-310 6.9513e-310 0 0
663.648 604.263 5.295 9.953 12.0829 0.1 0 171 3 1 -1.77364e-06 2.96684e-06 0 0 10 6.95293e-310 0 0
706.673 544.018 5.295 9.953 12.0829 0.1 0 90 3 1 5.41466e-06 7.47303e-06 0 0 0 0 0 0
688.37 551.799 5.295 9.953 12.0829 0.1 0 74 3 1 2.16119e-06 -4.38739e-07 0 0 6.9513e-310 6.9513e-310 0 0
676.083 567.435 5.295 9.953 12.0829 0.1 0 78 3 1 8.4272e-06 4.97329e-06 0 0 10 6.95293e-310 0 0
80 235 2.6475 4.9765 6.04147 0.1 0 0 7 7 -0 -0.0266735 0 0 9.73472e-309 2.21006e-314 0 0
80 244 2.6475 4.9765 6.04147 0.1 0 0 7 7 -0 -0 0 0 1.5724e-311 3.62225e-311 0 0
80 253 2.6475 4.9765 6.04147 0.1 0 0 7 7 -0 -0 0 0 2.00391 6.9513e-310 0 0
80 262 2.6475 4.9765 6.04147 0.1 0 0 7 7 -0 -0 0 0 2.68156e+154 4.67051e-311 0 0
80 271 2.6475 4.9765 6.04147 0.1 0 0 7 7 -0 -0 0 0 2.32036e+77 5.34743e-311 0 0
80 280 2.6475 4.9765 6.04147 0.1 0 0 7 7 -0 -0 0 0 2.68156e+154 6.95293e-310 0 0
80 289 2.6475 4.9765 6.04147 0.1 0 0 7 7 -0 -0 0 0 1.49458e-154 5.73151e-311 0 0
80 298 2.6475 4.9765 6.04147 0.1 0 0 7 7 -0 -0 0 0 2.44666e-311 3.63073e-311 0 0
80 307 2.6475 4.9765 6.04147 0.1 0 0 7 7 -0 -0 0 0 -3.1111e+231 5.65724e-311 0 0
80 316 2.6475 4.9765 6.04147 0.1 0 0 7 7 -0 -0 0 0 8.38891e-309 4.47317e-311 0 0
80 325 2.6475 4.9765 6.04147 0.1 0 0 7 7 -0 -0 0 0 1.33686e-311 4.48166e-311 0 0
80 334 2.6475 4.9765 6.04147 0.1 0 0 7 7 -0 -0 0 0 6.95123e-310 2.68156e+154 0 0
80 343 2.6475 4.9765 6.04147 0.1 0 0 7 7 -0 -0 0 0 8.34405e-309 1.73061e-77 0 0
80 352 2.6475 4.9765 6.04147 0.1 0 0 7 7 -0 -0 0 0 -1.49458e-154 3.33578e-311 0 0
80 361 2.6475 4.9765 6.04147 0.1 0 0 7 7 -0 -0 0 0 4.49014e-311 2.68156e+154 0 0
80 370 2.6475 4.9765 6.04147 0.1 0 0 7 7 -0 -0 0 0 4.72828e-308 3.39519e-312 0 0
80 379 2.6475 4.9765 6.04147 0.1 0 0 7 7 -0 -0 0 0 3.35488e-311 4.16972e-311 0 0
80 388 2.6475 4.9765 6.04147 0.1 0 0 7 7 -0 -0 0 0 6.95123e-310 6.9513e-310 0 0
80 397 2.6475 4.9765 6.04147 0.1 0 0 7 7 -0 -0 0 0 6.9513e-310 2.68156e+154 0 0
80 406 2.6475 4.9765 6.04147 0.1 0 0 7 7 -0 -0 0 0 2.68156e+154 6.9513e-310 0 0
80 415 2.6475 4.9765 6.04147 0.1 0 0 7 7 -0 -0 0 0 2.68156e+154 5.45565e-311 0 0
80 424 2.6475 4.9765 6.04147 0.1 0 0 7 7 -0 -0 0 0 0 1.49458e-154 0 0
80 433 2.6475 4.9765 6.04147 0.1 0 0 7 7 -0 -0 0 0 2.68156e+154 5.63602e-311 0 0
80 442 2.6475 4.9765 6.04147 0.1 0 0 7 7 -0 -0 0 0 4.1676e-311 4.49863e-311 0 0
80 451 2.6475 4.9765 6.04147 0.1 0 0 7 7 -0 -0 0 0 6.95123e-310 6.9513e-310 0 0
80 460 2.6475 4.9765 6.04147 0.1 0 0 7 7 -0 -0 0 0 4.17204e-309 2.05621e-311 0 0
80 469 2.6475 4.9765 6.04147 0.1 0 0 7 7 -0 -0 0 0 2.21006e-314 1.49458e-154 0 0
80 478 2.6475 4.9765 6.04147 0.1 0 0 7 7 -0 -0 0 0 4.53895e-311 2.68156e+154 0 0
80 487 2.6475 4.9765 6.04147 0.1 0 0 7 7 -0 -0 0 0 1.25615e-308 1.79309e-311 0 0
80 496 2.6475 4.9765 6.04147 0.1 0 0 7 7 -0 -0 0 0 1.78672e-311 3.32305e-311 0 0
80 505 2.6475 4.9765 6.04147 0.1 0 0 7 7 -0 -0 0 0 2.60581e-311 4.14001e-311 0 0
80 514 2.6475 4.9765 6.04147 0.1 0 0 7 7 -0 -0 0 0 2.68156e+154 -1.73061e-77 0 0
80 523 2.6475 4.9765 6.04147 0.1 0 0 7 7 -0 -0 0 0 3.89388e-308 2.56761e-312 0 0
80 532 2.6475 4.9765 6.04147 0.1 0 0 7 7 -0 -0 0 0 9.7347e-309 1.91828e-311 0 0
80 541 2.6475 4.9765 6.04147 0.1 0 0 7 7 -0 -0 0 0 2.68156e+154 1.73061e-77 0 0
80 550 2.6475 4.9765 6.04147 0.1 0 0 7 7 -0 -0 0 0 6.96583e-309 1.24773e-311 0 0
80 559 2.6475 4.9765 6.04147 0.1 0 0 7 7 -0 -0 0 0 1.51305e-306 4.26521e-312 0 0
80 568 2.6475 4.9765 6.04147 0.1 0 0 7 7 -0 -0 0 0 3.00687e-311 2.6868e+154 0 0
80 577 2.6475 4.9765 6.04147 0.1 0 0 7 7 -0 -0 0 0 2.54639e-312 2.68156e+154 0 0
80 586 2.6475 4.9765 6.04147 0.1 0 0 7 7 -0 -0 0 0 2.81793e-309 0 0 0
80 595 2.6475 4.9765 6.04147 0.1 0 0 7 7 -0 -0 0 0 2.81793e-309 0 0 0
80 604 2.6475 4.9765 6.04147 0.1 0 0 7 7 -0 -0 0 0 6.9513e-310 -4.34456e-311 0 0
80 613 2.6475 4.9765 6.04147 0.1 0 0 7 7 -0 -0 0 0 4.58351e-311 2.68156e+154 0 0
80 622 2.6475 4.9765 6.04147 0.1 0 0 7 7 -0 -0 0 0 2.6868e+154 6.95293e-310 0 0
80 631 2.6475 4.9765 6.04147 0.1 0 0 7 7 -0 -0 0 0 2.68156e+154 -2.6868e+154 0 0
80 640 2.6475 4.9765 6.04147 0.1 0 0 7 7 -0 -0 0 0 8.34403e-309 1.39203e-311 0 0
80 649 2.6475 4.9765 6.04147 0.1 0 0 7 7 -0 -0 0 0 2.68857e-311 2.69281e-311 0 0
80 658 2.6475 4.9765 6.04147 0.1 0 0 7 7 -0 -0 0 0 6.95123e-310 6.9513e-310 0 0
80 667 2.6475 4.9765 6.04147 0.1 0 0 7 7 -0 -0 0 0 8.46918e-307 3.35275e-312 0 0
80 676 2.6475 4.9765 6.04147 0.1 0 0 7 7 -0 -0 0 0 2.32036e+77 6.95293e-310 0 0
80 685 2.6475 4.9765 6.04147 0.1 0 0 7 7 -0 -0 0 0 4.60685e-311 2.68156e+154 0 0
80 694 2.6475 4.9765 6.04147 0.1 0 0 7 7 -0 -0 0 0 4.6111e-311 5.54478e-311 0 0
80 703 2.6475 4.9765 6.04147 0.1 0 0 7 7 -0 -0 0 0 4.62171e-311 2.68156e+154 0 0
80 712 2.6475 4.9765 6.04147 0.1 0 0 7 7 -0 -0 0 0 4.62383e-311 2.68156e+154 0 0
80 721 2.6475 4.9765 6.04147 0.1 0 0 7 7 -0 -0 0 0 4.41019e-311 -1.49458e-154 0 0
80 730 2.6475 4.9765 6.04147 0.1 0 0 7 7 -0 -0 0 0 3.3188e-311 4.62383e-311 0 0
80 739 2.6475 4.9765 6.04147 0.1 0 0 7 7 -0 -0 0 0 6.98826e-309 3.84293e-311 0 0
80 748 2.6475 4.9765 6.04147 0.1 0 0 7 7 -0 -0 0 0 -3.1111e+231 5.19465e-311 0 0
80 757 2.6475 4.9765 6.04147 0.1 0 0 7 7 -0 -0 0 0 5.57137e-308 2.51032e-311 0 0
80 766 2.6475 4.9765 6.04147 0.1 0 0 7 7 -0 -0 0 0 -2.32036e+77 4.50288e-311 0 0
80 775 2.6475 4.9765 6.04147 0.1 0 0 7 7 -0 0.0266735 0 0 6.9513e-310 2.00391 0 0
100 208 2.6475 4.9765 6.04147 0.1 0 0 7 7 -0 -0.0266735 0 0 4.43497e-311 4.65141e-311 0 0
100 217 2.6475 4.9765 6.04147 0.1 0 0 7 7 -0 -0 0 0 6.95123e-310 6.9513e-310 0 0
100 226 2.6475 4.9765 6.04147 0.1 0 0 7 7 -0 -0 0 0 2.09035e-308 2.05409e-311 0 0
100 235 2.6475 4.9765 6.04147 0.1 0 0 7 7 -0 -0 0 0 2.68156e+154 6.9513e-310 0 0
100 244 2.6475 4.9765 6.04147 0.1 0 0 7 7 -0 -0 0 0 3.40156e-311 4.46892e-311 0 0
100 253 2.6475 4.9765 6.04147 0.1 0 0 7 7 -0 -0 0 0 3.83657e-311 4.59836e-311 0 0
100 262 2.6475 4.9765 6.04147 0.1 0 0 7 7 -0 -0 0 0 2.81846e-309 0 0 0
100 271 2.6475 4.9765 6.04147 0.1 0 0 7 7 -0 -0 0 0 2.68156e+154 6.9513e-310 0 0
100 280 2.6475 4.9765 6.04147 0.1 0 0 7 7 -0 -0 0 0 3.01111e-311 4.67688e-311 0 0
100 289 2.6475 4.9765 6.04147 0.1 0 0 7 7 -0 -0 0 0 2.68156e+154 6.95293e-310 0 0
100 298 2.6475 4.9765 6.04147 0.1 0 0 7 7 0.000420671 0.0266468 0 0 -1.49458e-154 4.69598e-311 0 0
109.412 297.402 2.6475 4.9765 6.04147 0.1 0 0 7 15 -1.22409e-06 -6.46116e-06 0 0 4.6981e-311 -1.29075e-231 0 0
118.813 296.658 2.6475 4.9765 6.04147 600 0 678 7 13 -2.54377e-06 -1.28929e-05 0 0 0.998867 -0.0475976 0 0
128.187 295.621 2.6475 4.9765 6.04147 600 0 716 7 13 -3.89526e-06 -1.78264e-05 0 0 0.994742 -0.102416 0 0
137.507 294.179 2.6475 4.9765 6.04147 600 0 754 7 13 -5.23759e-06 -2.13221e-05 0 0 0.986631 -0.162972 0 0
146.738 292.249 2.6475 4.9765 6.04147 600 0 792 7 15 -6.37264e-06 -2.29344e-05 0 0 0.953488 -0.301431 0 0
155.844 289.795 2.6475 4.9765 6.04147 600 0 1246 7 13 -7.12988e-06 -2.27865e-05 0 0 0.766917 -0.641747 0 0
164.793 286.822 2.6475 4.9765 6.04147 600 0 1284 7 13 -7.44425e-06 -2.13289e-05 0 0 0.858098 -0.513487 0 0
173.569 283.368 2.6475 4.9765 6.04147 600 0 1322 7 13 -7.21123e-06 -1.87016e-05 0 0 0.667045 -0.745018 0 0
182.167 279.494 2.6475 4.9765 6.04147 600 0 1360 7 13 -6.65462e-06 -1.56815e-05 0 0 0.597346 -0.801984 0 0
190.601 275.273 2.6475 4.9765 6.04147 600 0 1398 7 13 -5.77577e-06 -1.23189e-05 0 0 0.68878 -0.72497 0 0
198.892 270.78 2.6475 4.9765 6.04147 600 0 1436 7 13 -4.84393e-06 -9.12115e-06 0 0 0.63239 -0.774651 0 0
207.07 266.083 2.6475 4.9765 6.04147 600 0 1474 7 13 -3.89441e-06 -6.08624e-06 0 0 0.595042 -0.803695 0 0
215.165 261.245 2.6475 4.9765 6.04147 600 0 1512 7 13 -3.0748e-06 -3.4071e-06 0 0 0.57172 -0.820448 0 0
223.208 256.321 2.6475 4.9765 6.04147 600 0 1550 7 13 -2.40494e-06 -1.06488e-06 0 0 0.521046 -0.853529 0 0
231.225 251.354 2.6475 4.9765 6.04147 600 0 1588 7 13 -1.91471e-06 9.26665e-07 0 0 0.698638 -0.715476 0 0
239.239 246.383 2.6475 4.9765 6.04147 600 0 1626 7 13 -1.59131e-06 2.60712e-06 0 0 0.633047 -0.774113 0 0
247.27 241.439 2.6475 4.9765 6.04147 600 0 1664 7 13 -1.41802e-06 4.01308e-06 0 0 0.665261 -0.746611 0 0
255.333 236.548 2.6475 4.9765 6.04147 600 0 1702 7 13 -1.36787e-06 5.18813e-06 0 0 0.605013 -0.796216 0 0
263.44 231.732 2.6475 4.9765 6.04147 600 0 1740 7 13 -1.41942e-06 6.16651e-06 0 0 0.61915 -0.785273 0 0
271.603 227.009 2.6475 4.9765 6.04147 600 0 1778 7 13 -1.55589e-06 6.96773e-06 0 0 0.602282 -0.798283 0 0
279.827 222.395 2.6475 4.9765 6.04147 600 0 1816 7 13 -1.76872e-06 7.60205e-06 0 0 0.687468 -0.726215 0 0
288.119 217.904 2.6475 4.9765 6.04147 600 0 1854 7 13 -2.04523e-06 8.07703e-06 0 0 0.635345 -0.772228 0 0
296.481 213.546 2.6475 4.9765 6.04147 600 0 1892 7 13 -2.37966e-06 8.39789e-06 0 0 0.738582 -0.674163 0 0
304.916 209.329 2.6475 4.9765 6.04147 600 0 1930 7 13 -2.74321e-06 8.59949e-06 0 0 0.782496 -0.622655 0 0
313.423 205.261 2.6475 4.9765 6.04147 600 0 1968 7 13 -3.23383e-06 8.47523e-06 0 0 0.721662 -0.692246 0 0
321.997 201.338 2.6475 4.9765 6.04147 600 0 2006 7 13 -1.67621e-06 1.27326e-05 0 0 0.726454 -0.687215 0 0
330.688 197.679 2.6475 4.9765 6.04147 600 0 2044 7 13 -3.20616e-06 9.94457e-06 0 0 0.658757 -0.752356 0 0
339.484 194.283 2.6475 4.9765 6.04147 600 0 2082 7 13 -4.4126e-06 7.67728e-06 0 0 0.748396 -0.663252 0 0
348.334 191.03 2.6475 4.9765 6.04147 600 0 2120 7 13 -4.62934e-06 7.90276e-06 0 0 0.846637 -0.532171 0 0
357.291 188.084 2.6475 4.9765 6.04147 600 0 2158 7 13 -4.45048e-06 9.22069e-06 0 0 0.745795 -0.666175 0 0
366.375 185.557 2.6475 4.9765 6.04147 600 0 2196 7 13 -4.34274e-06 1.04047e-05 0 0 0.824825 -0.565388 0 0
375.524 183.281 2.6475 4.9765 6.04147 600 0 2234 7 13 -5.15303e-06 7.82724e-06 0 0 0.770148 -0.637865 0 0
384.758 181.377 2.6475 4.9765 6.04147 600 0 2272 7 13 -4.78037e-06 1.02736e-05 0 0 0.8673 -0.497786 0 0
394.044 179.745 2.6475 4.9765 6.04147 600 0 2310 7 13 -5.02896e-06 9.24869e-06 0 0 0.81879 -0.574093 0 0
403.372 178.372 2.6475 4.9765 6.04147 600 0 2348 7 13 -5.27326e-06 7.71464e-06 0 0 0.891812 -0.452406 0 0
412.728 177.215 2.6475 4.9765 6.04147 600 0 2386 7 13 -5.27326e-06 7.18421e-06 0 0 0.840931 -0.541142 0 0
422.108 176.268 2.6475 4.9765 6.04147 600 0 2424 7 13 -5.12489e-06 7.33683e-06 0 0 0.877882 -0.478878 0 0
431.508 175.544 2.6475 4.9765 6.04147 600 0 2462 7 13 -4.93652e-06 6.56438e-06 0 0 0.920821 -0.389985 0 0
440.921 175.028 2.6475 4.9765 6.04147 600 0 2500 7 13 -4.63542e-06 5.93468e-06 0 0 0.938246 -0.345968 0 0
450.343 174.708 2.6475 4.9765 6.04147 600 0 2538 7 13 -4.15924e-06 5.50505e-06 0 0 0.915581 -0.402134 0 0
459.769 174.574 2.6475 4.9765 6.04147 600 0 2576 7 13 -3.56599e-06 5.11993e-06 0 0 0.981755 -0.190149 0 0
469.197 174.619 2.6475 4.9765 6.04147 600 0 2614 7 13 -2.76248e-06 4.77712e-06 0 0 0.965207 -0.261485 0 0
478.621 174.836 2.6475 4.9765 6.04147 600 0 2652 7 13 -1.82793e-06 4.55436e-06 0 0 0.944575 -0.328295 0 0
488.04 175.219 2.6475 4.9765 6.04147 600 0 2690 7 13 -6.46321e-07 4.5741e-06 0 0 0.898308 -0.439367 0 0
497.452 175.766 2.6475 4.9765 6.04147 600 0 2728 7 13 6.59223e-07 5.06451e-06 0 0 0.982905 -0.184114 0 0
506.85 176.494 2.6475 4.9765 6.04147 600 0 2766 7 13 2.24876e-06 5.60853e-06 0 0 0.972972 -0.230921 0 0
516.233 177.413 2.6475 4.9765 6.04147 600 0 2804 7 13 3.70114e-06 9.38308e-06 0 0 0.926514 -0.37626 0 0
525.579 178.644 2.6475 4.9765 6.04147 600 0 2842 7 13 7.8017e-06 -5.36403e-06 0 0 0.991352 -0.131232 0 0
534.952 179.662 2.6475 4.9765 6.04147 600 0 2880 7 13 1.10298e-06 7.84564e-05 0 0 0.977342 -0.211666 0 0
543.731 183.097 2.6475 4.9765 6.04147 600 0 2918 7 13 0.000118031 -0.000212697 0 0 0.992084 0.125576 0 0
552.851 180.695 2.6475 4.9765 6.04147 600 0 2956 7 13 0.000322596 0.000550576 0 0 0.998555 -0.0537309 0 0
560.87 185.678 2.6475 4.9765 6.04147 600 0 2994 9 13 0.000551787 0.000186184 0 0 0.994503 -0.104712 0 0
567.677 192.248 2.6475 4.9765 6.04147 600 0 1754 8 10 0.000679484 5.60756e-05 0 0 0.981314 0.192411 0 0
559.192 196.416 2.6475 4.9765 6.04147 600 0 2994 9 14 0.000759102 0.000217879 0 0 0.932381 0.361476 0 0
551.799 202.274 2.6475 4.9765 6.04147 600 0 2956 7 14 0.000304899 -0.000353386 0 0 0.945227 0.326415 0 0
544.086 196.861 2.6475 4.9765 6.04147 600 0 2918 7 14 2.18156e-05 4.76695e-05 0 0 0.991481 0.130248 0 0
534.7 196.036 2.6475 4.9765 6.04147 600 0 2880 7 14 2.63503e-05 -1.23517e-05 0 0 0.92509 0.379749 0 0
526.788 190.919 2.6475 4.9765 6.04147 600 0 2842 7 14 5.87746e-06 1.84556e-05 0 0 0.949187 0.314713 0 0
517.392 191.603 2.6475 4.9765 6.04147 600 0 2804 7 14 4.02859e-06 -2.42881e-06 0 0 0.993839 0.11083 0 0
507.986 191.059 2.6475 4.9765 6.04147 600 0 2766 7 14 3.71994e-06 -2.12622e-06 0 0 0.954191 0.299197 0 0
498.833 188.83 2.6475 4.9765 6.04147 600 0 2728 7 14 2.2103e-06 3.01387e-06 0 0 0.966457 0.256829 0 0
489.412 188.777 2.6475 4.9765 6.04147 600 0 2690 7 14 1.99667e-06 3.33077e-07 0 0 0.997756 0.0669593 0 0
479.996 189.085 2.6475 4.9765 6.04147 600 0 2652 7 14 1.7667e-06 -6.76712e-07 0 0 0.974769 0.223216 0 0
470.592 188.516 2.6475 4.9765 6.04147 600 0 2614 7 14 1.55947e-06 -1.98769e-07 0 0 0.990236 0.139404 0 0
461.236 187.41 2.6475 4.9765 6.04147 600 0 2576 7 14 1.2831e-06 9.50444e-07 0 0 0.983594 0.180397 0 0
451.854 188.273 2.6475 4.9765 6.04147 600 0 2538 7 14 1.03946e-06 -3.87207e-07 0 0 0.99511 0.0987692 0 0
442.434 188.145 2.6475 4.9765 6.04147 600 0 2500 7 14 9.50856e-07 -4.99886e-08 0 0 0.996523 0.0833166 0 0
433.024 187.69 2.6475 4.9765 6.04147 600 0 2462 7 14 8.80741e-07 3.17072e-08 0 0 0.998991 0.0449098 0 0
423.62 187.126 2.6475 4.9765 6.04147 600 0 2424 7 14 8.46144e-07 8.30059e-08 0 0 0.988396 -0.151902 0 0
414.655 190.021 2.6475 4.9765 6.04147 600 0 2386 7 14 7.75962e-07 -9.49832e-08 0 0 0.985286 -0.170912 0 0
405.279 190.94 2.6475 4.9765 6.04147 600 0 2348 7 14 8.15151e-07 1.31982e-07 0 0 0.999138 0.0415236 0 0
395.867 190.539 2.6475 4.9765 6.04147 600 0 2310 7 14 8.94738e-07 -8.79612e-07 0 0 0.999891 0.0147703 0 0
387.141 194.09 2.6475 4.9765 6.04147 600 0 2272 7 14 1.7264e-06 1.00694e-06 0 0 0.999594 -0.0284868 0 0
377.721 193.998 2.6475 4.9765 6.04147 600 0 2234 7 14 1.77569e-06 3.71464e-06 0 0 0.996617 -0.0821857 0 0
369.462 198.531 2.6475 4.9765 6.04147 600 0 2196 7 14 1.17789e-06 2.43538e-06 0 0 0.996918 -0.0784534 0 0
360.043 198.67 2.6475 4.9765 6.04147 600 0 2158 7 14 1.32824e-06 6.10162e-06 0 0 0.985788 -0.167994 0 0
351.094 201.616 2.6475 4.9765 6.04147 600 0 2120 7 14 1.18272e-06 5.33525e-06 0 0 0.983899 -0.178723 0 0
342.374 205.181 2.6475 4.9765 6.04147 600 0 2082 7 14 -6.6808e-07 5.34406e-07 0 0 0.984508 -0.17534 0 0
333.471 208.261 2.6475 4.9765 6.04147 600 0 2044 7 14 1.24433e-07 2.51002e-06 0 0 0.954479 -0.298277 0 0
324.791 211.923 2.6475 4.9765 6.04147 600 0 2006 7 14 -7.96054e-07 5.04053e-08 0 0 0.954118 -0.299431 0 0
316.464 216.329 2.6475 4.9765 6.04147 600 0 1968 7 14 -4.54206e-07 4.86751e-07 0 0 0.934384 -0.356267 0 0
307.789 220.003 2.6475 4.9765 6.04147 600 0 1930 7 14 -6.24688e-07 -1.2471e-07 0 0 0.944426 -0.328725 0 0
299.894 225.143 2.6475 4.9765 6.04147 600 0 1892 7 14 -2.43576e-07 3.31548e-07 0 0 0.95716 -0.289559 0 0
291.58 229.575 2.6475 4.9765 6.04147 600 0 1854 7 14 -3.38035e-07 3.2732e-08 0 0 0.91848 -0.395468 0 0
283.731 234.784 2.6475 4.9765 6.04147 600 0 1816 7 14 -1.71279e-07 1.93489e-07 0 0 0.925283 -0.379278 0 0
275.583 239.513 2.6475 4.9765 6.04147 600 0 1778 7 14 -1.76135e-07 1.09831e-07 0 0 0.897951 -0.440095 0 0
267.401 244.183 2.6475 4.9765 6.04147 600 0 1740 7 14 -1.57294e-07 7.39702e-08 0 0 0.843698 -0.536818 0 0
259.308 249.006 2.6475 4.9765 6.04147 600 0 1702 7 14 -1.03962e-07 1.21259e-07 0 0 0.893632 -0.448801 0 0
250.822 253.097 2.6475 4.9765 6.04147 600 0 1664 7 14 -1.55742e-07 -3.83223e-08 0 0 0.855825 -0.517265 0 0
243.439 258.949 2.6475 4.9765 6.04147 600 0 1626 7 14 -6.04726e-08 6.85614e-08 0 0 0.890403 -0.455173 0 0
235.811 264.478 2.6475 4.9765 6.04147 600 0 1588 7 14 -7.17445e-08 2.29749e-08 0 0 0.846965 -0.531649 0 0
228.631 270.577 2.6475 4.9765 6.04147 600 0 1550 7 14 -3.7467e-08 6.79314e-08 0 0 0.875364 -0.483464 0 0
220.786 275.793 2.6475 4.9765 6.04147 600 0 1512 7 14 -5.63795e-08 5.747e-09 0 0 0.82684 -0.562438 0 0
213.757 282.066 2.6475 4.9765 6.04147 600 0 1474 7 14 -2.80902e-08 6.1199e-08 0 0 0.784952 -0.619556 0 0
205.566 286.719 2.6475 4.9765 6.04147 600 0 1436 7 14 -3.8132e-08 -1.33473e-08 0 0 0.846517 -0.532362 0 0
199.057 293.531 2.6475 4.9765 6.04147 600 0 1398 7 14 -1.92418e-08 5.63969e-08 0 0 0.78108 -0.624431 0 0
190.233 296.83 2.6475 4.9765 6.04147 600 0 1360 7 14 -3.71374e-08 -1.63441e-07 0 0 0.723584 -0.690236 0 0
189.376 306.212 2.6475 4.9765 6.04147 600 0 1322 7 14 1.01706e-05 9.82537e-07 0 0 0.889421 -0.457089 0 0
184.566 314.313 2.6475 4.9765 6.04147 600 0 1284 7 14 2.35643e-05 8.78073e-06 0 0 0.769823 -0.638257 0 0
193.987 314.428 2.6475 4.9765 6.04147 600 0 944 7 15 2.32632e-05 -6.77179e-06 0 0 0.924147 -0.382037 0 0
203.398 314.891 2.6475 4.9765 6.04147 600 0 982 7 13 2.27743e-05 -8.56593e-07 0 0 0.983933 -0.17854 0 0
212.818 315.122 2.6475 4.9765 6.04147 600 0 1020 7 13 2.1941e-05 -2.70698e-06 0 0 0.96771 -0.252066 0 0
222.241 315.052 2.6475 4.9765 6.04147 600 0 1058 7 13 2.12312e-05 -1.66514e-06 0 0 0.942516 -0.33416 0 0
231.663 314.866 2.6475 4.9765 6.04147 600 0 1096 7 13 2.01053e-05 -4.91089e-07 0 0 0.963029 -0.269399 0 0
241.085 314.674 2.6475 4.9765 6.04147 600 0 1134 7 13 1.89757e-05 5.29103e-07 0 0 0.942943 -0.332955 0 0
250.509 314.536 2.6475 4.9765 6.04147 600 0 1172 7 13 1.75458e-05 1.28568e-06 0 0 0.960835 -0.27712 0 0
259.934 314.478 2.6475 4.9765 6.04147 600 0 1210 7 13 1.60309e-05 1.62517e-06 0 0 0.927099 -0.374817 0 0
269.359 314.504 2.6475 4.9765 6.04147 600 0 1248 7 13 1.4302e-05 1.45987e-06 0 0 0.961263 -0.275632 0 0
278.785 314.593 2.6475 4.9765 6.04147 600 0 1286 7 13 1.24655e-05 7.69747e-07 0 0 0.975023 -0.222105 0 0
288.21 314.71 2.6475 4.9765 6.04147 600 0 1324 7 13 1.04624e-05 -4.14548e-07 0 0 0.915695 -0.401873 0 0
297.636 314.805 2.6475 4.9765 6.04147 600 0 1362 7 13 8.30273e-06 -1.92993e-06 0 0 0.901663 -0.43244 0 0
307.062 314.821 2.6475 4.9765 6.04147 600 0 1400 7 13 5.95599e-06 -3.58172e-06 0 0 0.97496 -0.22238 0 0
316.488 314.7 2.6475 4.9765 6.04147 600 0 1438 7 13 3.3431e-06 -5.07132e-06 0 0 0.95653 -0.291634 0 0
325.91 314.39 2.6475 4.9765 6.04147 600 0 1476 7 13 4.82999e-07 -6.13607e-06 0 0 0.931972 -0.36253 0 0
335.321 313.851 2.6475 4.9765 6.04147 600 0 1514 7 13 -2.71302e-06 -6.51338e-06 0 0 0.987212 -0.159413 0 0
344.715 313.06 2.6475 4.9765 6.04147 600 0 1552 7 13 -6.2843e-06 -6.05342e-06 0 0 0.967437 -0.253114 0 0
354.083 312.017 2.6475 4.9765 6.04147 600 0 1590 7 13 -9.94189e-06 -4.76307e-06 0 0 0.999845 -0.0176016 0 0
363.423 310.74 2.6475 4.9765 6.04147 600 0 1628 7 15 -1.45835e-05 -2.63551e-06 0 0 0.997584 -0.0694776 0 0
372.733 309.27 2.6475 4.9765 6.04147 600 0 2278 7 13 -1.80073e-05 -2.60787e-07 0 0 0.893146 -0.449766 0 0
382.02 307.658 2.6475 4.9765 6.04147 600 0 2316 7 13 -2.45966e-05 2.75547e-06 0 0 0.904115 -0.427289 0 0
391.293 305.969 2.6475 4.9765 6.04147 600 0 2354 7 13 -2.58312e-05 4.52946e-06 0 0 0.836812 -0.54749 0 0
400.562 304.269 2.6475 4.9765 6.04147 600 0 2392 7 13 -3.59729e-05 7.30387e-06 0 0 0.875017 -0.484091 0 0
409.842 302.626 2.6475 4.9765 6.04147 600 0 2430 7 13 -3.0823e-05 6.53803e-06 0 0 0.785658 -0.618661 0 0
419.14 301.101 2.6475 4.9765 6.04147 600 0 2468 7 13 -4.6712e-05 8.33434e-06 0 0 0.906182 -0.422887 0 0
428.465 299.75 2.6475 4.9765 6.04147 600 0 2506 7 13 -2.87731e-05 4.32853e-06 0 0 0.863858 -0.503736 0 0
437.817 298.615 2.6475 4.9765 6.04147 600 0 2544 7 13 -5.25406e-05 5.12735e-06 0 0 0.923982 -0.382436 0 0
447.196 297.732 2.6475 4.9765 6.04147 600 0 2582 7 13 -1.59919e-05 -3.06653e-07 0 0 0.951144 -0.308748 0 0
456.595 297.123 2.6475 4.9765 6.04147 600 0 2620 7 13 -4.80817e-05 -2.88892e-07 0 0 0.943466 -0.331469 0 0
466.008 296.804 2.6475 4.9765 6.04147 600 0 2658 7 13 7.03474e-06 -3.57328e-06 0 0 0.978093 -0.208168 0 0
475.427 296.791 2.6475 4.9765 6.04147 600 0 2696 7 13 -2.99069e-05 -4.52464e-06 0 0 0.970064 -0.242848 0 0
484.84 297.101 2.6475 4.9765 6.04147 600 0 2734 7 13 3.413e-05 -2.59332e-06 0 0 0.996894 -0.0787611 0 0
494.235 297.765 2.6475 4.9765 6.04147 600 0 2772 7 13 -2.83745e-08 -3.90514e-06 0 0 0.997027 -0.0770521 0 0
503.597 298.797 2.6475 4.9765 6.04147 600 0 2810 7 13 5.59431e-05 3.87923e-06 0 0 0.99321 -0.116332 0 0
512.893 300.319 2.6475 4.9765 6.04147 600 0 2848 7 13 3.23423e-05 5.46579e-06 0 0 0.999406 0.0344507 0 0
522.214 301.691 2.6475 4.9765 6.04147 600 0 2886 7 13 6.20169e-05 3.01506e-05 0 0 0.999956 -0.00935669 0 0
530.455 306.259 2.6475 4.9765 6.04147 600 0 2924 7 13 0.000125566 -0.000100228 0 0 0.996966 0.0778443 0 0
539.196 302.735 2.6475 4.9765 6.04147 600 0 2962 7 13 0.000397474 0.000553607 0 0 0.995847 0.0910394 0 0
546.43 308.798 2.6475 4.9765 6.04147 600 0 3000 9 13 0.000564135 0.000354518 0 0 0.970332 0.241776 0 0
551.865 316.543 2.6475 4.9765 6.04147 600 0 722 8 10 0.000555183 0.000362312 0 0 0.912498 0.40908 0 0
542.757 319.026 2.6475 4.9765 6.04147 600 0 3000 9 14 0.000551364 0.000350217 0 0 0.925964 0.377612 0 0
537.128 326.581 2.6475 4.9765 6.04147 600 0 2962 7 14 3.38011e-05 -3.4953e-05 0 0 0.871847 0.489778 0 0
530.376 320.012 2.6475 4.9765 6.04147 600 0 2924 7 14 3.21891e-06 -1.78644e-06 0 0 0.912939 0.408096 0 0
521.451 316.996 2.6475 4.9765 6.04147 600 0 2886 7 14 -2.46371e-06 -1.56828e-06 0 0 0.942987 0.332831 0 0
512.211 315.161 2.6475 4.9765 6.04147 600 0 2848 7 14 5.46301e-07 6.31053e-07 0 0 0.977331 0.211715 0 0
503.158 312.551 2.6475 4.9765 6.04147 600 0 2810 7 14 -6.55475e-06 -1.97205e-06 0 0 0.983293 0.182032 0 0
494.416 309.04 2.6475 4.9765 6.04147 600 0 2772 7 14 -3.97888e-06 1.63493e-06 0 0 0.994375 0.105921 0 0
485.357 311.624 2.6475 4.9765 6.04147 600 0 2734 7 14 -1.09304e-05 -3.41963e-06 0 0 0.99343 0.114439 0 0
476.017 310.384 2.6475 4.9765 6.04147 600 0 2696 7 14 -6.19536e-06 -2.83933e-07 0 0 0.998867 0.047594 0 0
466.651 309.371 2.6475 4.9765 6.04147 600 0 2658 7 14 -1.06684e-05 2.01763e-06 0 0 0.998507 -0.0546151 0 0
457.23 309.272 2.6475 4.9765 6.04147 600 0 2620 7 14 -3.86176e-06 6.48546e-06 0 0 0.995777 -0.0918096 0 0
447.939 310.841 2.6475 4.9765 6.04147 600 0 2582 7 14 -8.16228e-06 -9.37126e-06 0 0 0.996045 -0.0888453 0 0
438.542 310.159 2.6475 4.9765 6.04147 600 0 2544 7 14 -1.50004e-06 1.15204e-05 0 0 0.988538 -0.150971 0 0
429.269 311.83 2.6475 4.9765 6.04147 600 0 2506 7 14 -2.83554e-06 6.04582e-06 0 0 0.968812 -0.247795 0 0
420.229 314.482 2.6475 4.9765 6.04147 600 0 2468 7 14 4.21573e-06 -1.04528e-05 0 0 0.975951 -0.217992 0 0
410.842 315.299 2.6475 4.9765 6.04147 600 0 2430 7 14 1.65886e-06 1.87782e-05 0 0 0.961427 -0.27506 0 0
402.508 319.693 2.6475 4.9765 6.04147 600 0 2392 7 14 1.36518e-05 -6.93287e-06 0 0 0.89007 -0.455825 0 0
394.204 324.146 2.6475 4.9765 6.04147 600 0 2354 7 14 1.49928e-05 5.47289e-05 0 0 0.870254 -0.492602 0 0
388.01 331.245 2.6475 4.9765 6.04147 600 0 2316 7 14 4.2488e-05 1.07921e-06 0 0 0.971097 -0.238686 0 0
397.256 333.06 2.6475 4.9765 6.04147 600 0 1780 7 15 -1.19357e-05 2.77126e-05 0 0 0.999578 0.0290383 0 0
406.498 331.227 2.6475 4.9765 6.04147 600 0 1818 7 13 1.73714e-05 4.14718e-05 0 0 0.997758 -0.0669237 0 0
415.188 334.871 2.6475 4.9765 6.04147 600 0 1856 7 13 2.06302e-05 -1.31879e-05 0 0 0.998609 0.0527334 0 0
424.453 336.589 2.6475 4.9765 6.04147 600 0 1894 7 13 1.8044e-05 1.54941e-05 0 0 0.999432 -0.0337119 0 0
433.493 339.251 2.6475 4.9765 6.04147 600 0 1932 7 13 1.10414e-05 4.94136e-06 0 0 0.999084 0.042796 0 0
442.498 342.027 2.6475 4.9765 6.04147 600 0 1970 7 13 6.55054e-06 6.5936e-06 0 0 0.996099 -0.0882468 0 0
451.411 345.091 2.6475 4.9765 6.04147 600 0 2008 7 13 -6.70336e-08 4.45035e-06 0 0 0.992575 0.121633 0 0
460.225 348.426 2.6475 4.9765 6.04147 600 0 2046 7 13 -5.34426e-06 2.21387e-06 0 0 0.998468 0.0553332 0 0
468.936 352.022 2.6475 4.9765 6.04147 600 0 2084 7 13 -1.99399e-05 2.42244e-05 0 0 0.988264 0.152755 0 0
476.562 357.557 2.6475 4.9765 6.04147 600 0 2122 7 13 9.6995e-07 -1.43823e-05 0 0 0.994135 0.108144 0 0
485.663 360.006 2.6475 4.9765 6.04147 600 0 2160 7 13 -1.35869e-05 2.49669e-05 0 0 0.999903 0.0139451 0 0
494.01 364.38 2.6475 4.9765 6.04147 600 0 2198 7 13 -6.97068e-06 -4.58958e-07 0 0 0.986457 0.164018 0 0
502.252 368.949 2.6475 4.9765 6.04147 600 0 2236 7 13 -9.37677e-06 -2.17073e-06 0 0 0.995092 0.0989501 0 0
510.382 373.713 2.6475 4.9765 6.04147 600 0 2274 7 13 -1.23341e-05 -7.90003e-06 0 0 0.941712 0.336421 0 0
518.541 378.428 2.6475 4.9765 6.04147 600 0 2312 7 13 -1.66455e-05 -4.5821e-06 0 0 0.977984 0.20868 0 0
526.43 383.58 2.6475 4.9765 6.04147 600 0 2350 7 13 -1.10616e-05 -2.06637e-05 0 0 0.977756 0.209746 0 0
535.14 387.175 2.6475 4.9765 6.04147 600 0 2388 7 15 -2.25356e-05 3.94417e-06 0 0 0.947463 0.319866 0 0
542.462 393.104 2.6475 4.9765 6.04147 600 0 2865 7 13 -5.32669e-06 -2.09737e-05 0 0 0.990942 0.134291 0 0
551.673 395.085 2.6475 4.9765 6.04147 600 0 2903 7 15 -1.07577e-05 1.33185e-06 0 0 0.98421 0.177005 0 0
560.34 398.78 2.6475 4.9765 6.04147 600 0 2950 7 13 -1.33136e-05 4.79201e-06 0 0 0.974375 0.224928 0 0
563.244 407.742 2.6475 4.9765 6.04147 600 0 6 7 10 0.000727331 0.000409091 0 0 0.976828 0.214026 0 0
571.514 403.229 2.6475 4.9765 6.04147 600 0 2950 7 14 -1.92903e-05 -3.46243e-05 0 0 0.950379 0.311093 0 0
571.311 412.647 2.6475 4.9765 6.04147 600 0 2578 7 15 7.44689e-06 -3.39153e-05 0 0 0.925426 0.378929 0 0
580.066 416.177 2.6475 4.9765 6.04147 600 0 2616 7 13 -5.04563e-05 8.54372e-05 0 0 0.95665 0.291238 0 0
588.316 420.763 2.6475 4.9765 6.04147 600 0 2654 7 13 -2.71714e-05 1.70423e-05 0 0 0.984563 0.175033 0 0
596.396 425.644 2.6475 4.9765 6.04147 600 0 2692 7 13 5.15453e-06 -4.82462e-05 0 0 1 -0.000852195 0 0
604.743 430.049 2.6475 4.9765 6.04147 600 0 2730 7 13 -7.13486e-05 6.09139e-05 0 0 0.996228 -0.086774 0 0
612.506 435.418 2.6475 4.9765 6.04147 600 0 2768 7 13 0.000124115 -0.000216 0 0 0.948626 -0.316399 0 0
619.561 429.173 2.6475 4.9765 6.04147 600 0 2806 7 13 0.000186278 -0.000131466 0 0 0.911964 -0.410269 0 0
621.462 438.395 2.6475 4.9765 6.04147 600 0 2844 7 13 6.0398e-05 -0.000105679 0 0 0.92249 0.386022 0 0
628.513 432.132 2.6475 4.9765 6.04147 600 0 2882 7 13 0.000166097 -6.14305e-06 0 0 0.995115 0.0987269 0 0
630.419 441.348 2.6475 4.9765 6.04147 600 0 2920 7 13 3.04989e-05 1.63771e-05 0 0 0.997691 0.0679156 0 0
637.478 435.093 2.6475 4.9765 6.04147 600 0 2958 7 13 9.38793e-05 0.000117451 0 0 0.946892 -0.321552 0 0
646.906 435.756 2.6475 4.9765 6.04147 600 0 2996 9 13 0.000127876 -0.000101503 0 0 0.878677 -0.477417 0 0
655.755 439.105 2.6475 4.9765 6.04147 0.1 0 2322 8 10 0.000157177 -0.000209917 0 0 0.933184 -0.3594 0 0
649.593 446.264 2.6475 4.9765 6.04147 600 0 2996 9 14 0.000253353 -0.000134124 0 0 0.933184 -0.3594 0 0
646.846 455.281 2.6475 4.9765 6.04147 600 0 2958 7 14 2.3916e-05 -0.000201367 0 0 0.596934 0.80229 0 0
637.429 454.985 2.6475 4.9765 6.04147 600 0 2920 7 14 1.86064e-05 -2.52222e-05 0 0 0.812977 0.582296 0 0
628.243 452.89 2.6475 4.9765 6.04147 600 0 2882 7 14 1.06803e-05 7.94725e-06 0 0 0.650875 0.759185 0 0
619.326 455.93 2.6475 4.9765 6.04147 600 0 2844 7 14 5.97267e-06 -6.01042e-06 0 0 0.470568 0.882364 0 0
611.718 450.374 2.6475 4.9765 6.04147 600 0 2806 7 14 9.2597e-07 8.02063e-07 0 0 0.270968 0.962588 0 0
603.946 445.05 2.6475 4.9765 6.04147 600 0 2768 7 14 9.29695e-08 2.04542e-06 0 0 0.46744 0.884025 0 0
594.537 445.534 2.6475 4.9765 6.04147 600 0 2730 7 14 -2.28921e-07 -4.39026e-06 0 0 0.715336 0.698781 0 0
589.205 437.768 2.6475 4.9765 6.04147 600 0 2692 7 14 -8.30097e-06 1.21984e-06 0 0 0.904003 0.427526 0 0
580.11 435.31 2.6475 4.9765 6.04147 600 0 2654 7 14 -4.51918e-06 -1.20212e-05 0 0 0.928345 0.37172 0 0
573.301 428.798 2.6475 4.9765 6.04147 600 0 2616 7 14 -4.56018e-06 -1.15891e-05 0 0 0.921187 0.38912 0 0
567.591 421.304 2.6475 4.9765 6.04147 600 0 2578 7 14 1.97797e-05 -2.93559e-05 0 0 0.775383 0.631491 0 0
558.223 420.304 2.6475 4.9765 6.04147 600 0 2540 7 14 1.71238e-05 -9.85537e-07 0 0 0.812486 0.58298 0 0
549.96 415.778 2.6475 4.9765 6.04147 600 0 2502 7 14 1.28677e-05 7.31648e-06 0 0 0.843095 0.537765 0 0
541.843 410.997 2.6475 4.9765 6.04147 600 0 2464 7 14 1.20378e-05 8.61445e-06 0 0 0.785726 0.618574 0 0
534.022 405.746 2.6475 4.9765 6.04147 600 0 2426 7 14 1.20338e-05 8.68518e-06 0 0 0.815297 0.579043 0 0
526.272 400.391 2.6475 4.9765 6.04147 600 0 2388 7 14 1.23231e-05 7.72401e-06 0 0 0.737899 0.674911 0 0
518.456 395.133 2.6475 4.9765 6.04147 600 0 2350 7 14 1.22881e-05 7.63598e-06 0 0 0.821901 0.56963 0 0
510.599 389.938 2.6475 4.9765 6.04147 600 0 2312 7 14 1.21205e-05 7.17516e-06 0 0 0.825943 0.563753 0 0
502.697 384.811 2.6475 4.9765 6.04147 600 0 2274 7 14 1.25064e-05 6.39211e-06 0 0 0.862962 0.505269 0 0
494.718 379.807 2.6475 4.9765 6.04147 600 0 2236 7 14 1.35313e-05 4.10987e-06 0 0 0.883151 0.469088 0 0
486.572 375.08 2.6475 4.9765 6.04147 600 0 2198 7 14 1.33162e-05 4.3313e-06 0 0 0.88897 0.457965 0 0
478.314 370.551 2.6475 4.9765 6.04147 600 0 2160 7 15 3.12681e-06 2.24736e-05 0 0 0.818487 0.574526 0 0
470.735 364.961 2.6475 4.9765 6.04147 600 0 2964 12 13 2.04966e-05 -1.12264e-06 0 0 0.873074 0.487588 0 0
465.055 372.476 2.6475 4.9765 6.04147 600 0 36 8 10 0.000162844 0.000105658 0 0 0.774794 0.632213 0 0
458.256 366.893 2.18993 4.11641 4.27197 600 0 2964 11 14 0.000205245 5.31236e-05 0 0 0.788072 0.615583 0 0
452.629 361.24 2.18993 4.11641 4.99732 600 0 2964 7 14 -0.000147773 0.000403852 0 0 0.739106 0.673589 0 0
444.349 358.828 2.6475 4.9765 6.04147 600 0 2008 7 15 2.04945e-05 -0.00017053 0 0 0.870011 0.493032 0 0
435.989 354.441 2.6475 4.9765 6.04147 600 0 1970 7 14 -0.000112494 9.58315e-05 0 0 0.896433 0.443178 0 0
427.065 351.353 2.6475 4.9765 6.04147 600 0 1932 7 14 -5.95404e-05 -2.94197e-05 0 0 0.822003 0.569484 0 0
418.167 348.19 2.6475 4.9765 6.04147 600 0 1894 7 14 -4.57533e-05 -1.86855e-05 0 0 0.872788 0.488099 0 0
409.274 345.006 2.6475 4.9765 6.04147 600 0 1856 7 14 -3.70848e-05 5.00924e-06 0 0 0.92042 0.39093 0 0
400.33 341.968 2.6475 4.9765 6.04147 600 0 1818 7 14 -2.61228e-05 5.85099e-05 0 0 0.867565 0.497323 0 0
391.06 340.157 2.6475 4.9765 6.04147 600 0 1780 7 14 1.39513e-05 3.22967e-05 0 0 0.908598 0.417671 0 0
381.794 338.327 2.6475 4.9765 6.04147 600 0 1742 7 14 1.56871e-05 3.50532e-05 0 0 0.839368 0.543564 0 0
372.397 337.372 2.6475 4.9765 6.04147 600 0 1704 7 14 7.62028e-05 4.06042e-05 0 0 0.888634 0.458617 0 0
362.975 336.733 2.6475 4.9765 6.04147 600 0 1666 7 14 0.000103322 -5.69378e-05 0 0 0.951258 0.308397 0 0
353.627 335.409 2.6475 4.9765 6.04147 600 0 1628 7 14 0.00012906 6.47171e-06 0 0 0.965126 0.261786 0 0
344.304 333.938 2.6475 4.9765 6.04147 600 0 1590 7 14 0.000141747 7.5108e-05 0 0 0.911337 0.411661 0 0
334.891 333.29 2.6475 4.9765 6.04147 600 0 1552 7 14 0.000164933 1.5001e-05 0 0 0.966849 0.255351 0 0
325.478 332.725 2.6475 4.9765 6.04147 600 0 1514 7 14 0.000176822 7.8938e-05 0 0 0.888196 0.459465 0 0
316.258 334.688 2.6475 4.9765 6.04147 600 0 1476 7 15 0.00018208 8.49292e-05 0 0 0.948048 0.318128 0 0
308.026 339.274 2.6475 4.9765 6.04147 600 0 1819 7 13 0.000148268 1.19431e-05 0 0 0.88707 0.461635 0 0
316.114 344.111 2.6475 4.9765 6.04147 600 0 1857 7 13 9.91433e-05 7.36158e-05 0 0 0.785922 0.618325 0 0
322.012 351.465 2.6475 4.9765 6.04147 600 0 1895 7 13 7.29086e-05 8.75742e-05 0 0 0.760586 0.649237 0 0
327.951 358.79 2.6475 4.9765 6.04147 600 0 1933 7 13 8.53635e-05 4.88647e-05 0 0 0.800413 0.599448 0 0
334.403 365.67 2.6475 4.9765 6.04147 600 0 1971 7 13 6.4243e-05 4.52802e-05 0 0 0.764484 0.644642 0 0
341.045 372.37 2.6475 4.9765 6.04147 600 0 2009 7 13 4.95854e-05 2.40031e-05 0 0 0.80601 0.591902 0 0
347.882 378.872 2.6475 4.9765 6.04147 600 0 2047 7 13 3.26001e-05 8.71009e-06 0 0 0.837216 0.546872 0 0
354.879 385.204 2.6475 4.9765 6.04147 600 0 2085 7 13 1.3606e-05 -8.78588e-06 0 0 0.808782 0.588109 0 0
362.024 391.368 2.6475 4.9765 6.04147 600 0 2123 7 13 -5.11376e-06 -2.28636e-05 0 0 0.78623 0.617934 0 0
369.302 397.373 2.6475 4.9765 6.04147 600 0 2161 7 13 -2.45186e-05 -3.56095e-05 0 0 0.842866 0.538123 0 0
376.697 403.232 2.6475 4.9765 6.04147 600 0 2199 7 13 -3.59619e-05 -5.33748e-05 0 0 0.872359 0.488866 0 0
384.299 408.818 2.6475 4.9765 6.04147 600 0 2237 7 13 -6.15799e-05 -4.87007e-05 0 0 0.871474 0.490442 0 0
391.933 414.355 2.6475 4.9765 6.04147 600 0 2275 7 13 -4.5245e-05 -9.55456e-05 0 0 0.907451 0.420157 0 0
400.255 418.789 2.6475 4.9765 6.04147 600 0 2313 7 15 -9.28021e-05 -3.03974e-05 0 0 0.869535 0.493871 0 0
408.288 423.723 2.6475 4.9765 6.04147 600 0 2932 7 15 -5.24062e-05 -0.000111146 0 0 0.980512 0.196457 0 0
417.57 425.361 2.6475 4.9765 6.04147 600 0 2962 7 13 -9.10119e-05 7.84286e-05 0 0 0.995742 0.0921844 0 0
423.498 432.687 2.6475 4.9765 6.04147 600 0 0 7 10 -0.000425381 0.000936432 0 0 0.995603 0.0936732 0 0
414.762 436.229 2.6475 4.9765 6.04147 600 0 2962 7 14 -7.55062e-05 -3.37489e-05 0 0 0.946418 0.322945 0 0
422.172 442.039 2.6475 4.9765 6.04147 600 0 2833 7 15 2.54116e-05 7.49126e-05 0 0 0.946293 0.32331 0 0
429.608 447.866 2.6475 4.9765 6.04147 600 0 2503 7 15 -8.53531e-05 -0.000133291 0 0 0.941514 0.336974 0 0
438.738 450.326 2.6475 4.9765 6.04147 600 0 2541 7 13 -7.99057e-05 0.000184781 0 0 0.961054 0.27636 0 0
447.42 454.067 2.6475 4.9765 6.04147 600 0 2579 7 13 -5.62584e-05 -6.52365e-05 0 0 0.947561 0.319576 0 0
456.204 457.559 2.6475 4.9765 6.04147 600 0 2617 7 13 -8.6628e-05 1.4342e-05 0 0 0.924656 0.380803 0 0
464.851 461.37 2.6475 4.9765 6.04147 600 0 2655 7 13 -0.000106398 -2.29253e-05 0 0 0.957887 0.287146 0 0
473.421 465.348 2.6475 4.9765 6.04147 600 0 2693 7 13 -0.000115697 -3.46432e-05 0 0 0.963448 0.267894 0 0
481.918 469.471 2.6475 4.9765 6.04147 600 0 2731 7 13 -0.000130583 -4.77172e-05 0 0 0.941324 0.337505 0 0
490.344 473.73 2.6475 4.9765 6.04147 600 0 2769 7 13 -0.00013889 -5.77372e-05 0 0 0.959535 0.28159 0 0
498.701 478.117 2.6475 4.9765 6.04147 600 0 2807 7 13 -0.000149594 -6.12074e-05 0 0 0.980889 0.194566 0 0
506.93 482.73 2.6475 4.9765 6.04147 600 0 2845 7 13 -0.000137687 -9.66206e-05 0 0 0.966668 0.256033 0 0
515.347 486.981 2.6475 4.9765 6.04147 600 0 2883 7 13 -0.00018511 -1.28631e-05 0 0 0.978391 0.206764 0 0
522.029 493.631 2.6475 4.9765 6.04147 600 0 2921 7 13 -8.0015e-06 -0.000192976 0 0 0.960837 0.277113 0 0
531.292 491.893 2.6475 4.9765 6.04147 600 0 2959 7 13 0.000122059 0.000494943 0 0 0.976555 0.21527 0 0
536.138 499.987 2.6475 4.9765 6.04147 600 0 2997 9 13 0.000586905 0.000217948 0 0 0.919904 0.392145 0 0
541.572 507.72 2.6475 4.9765 6.04147 600 0 1219 8 10 0.000645625 0.000177917 0 0 0.913296 0.407295 0 0
532.458 510.226 2.6475 4.9765 6.04147 600 0 2997 9 14 0.000663291 0.000243706 0 0 0.913296 0.407295 0 0
524.017 514.435 2.6475 4.9765 6.04147 600 0 2959 7 14 0.00039758 -0.000287525 0 0 0.909502 0.415699 0 0
518.773 506.606 2.6475 4.9765 6.04147 600 0 2921 7 14 -4.84746e-05 1.14987e-05 0 0 0.984914 0.173046 0 0
510.667 501.799 2.6475 4.9765 6.04147 600 0 2883 7 14 -1.1217e-05 -4.72545e-05 0 0 0.98676 0.162187 0 0
503.943 495.196 2.6475 4.9765 6.04147 600 0 2845 7 14 -6.92116e-05 1.81795e-05 0 0 0.958821 0.28401 0 0
495.464 491.079 2.6475 4.9765 6.04147 600 0 2807 7 14 -5.26202e-05 -1.74212e-06 0 0 0.934647 0.355576 0 0
486.654 487.727 2.6475 4.9765 6.04147 600 0 2769 7 14 -3.05185e-05 -3.53579e-05 0 0 0.920644 0.390403 0 0
478.131 483.698 2.6475 4.9765 6.04147 600 0 2731 7 14 -2.95453e-05 -1.31793e-05 0 0 0.887628 0.460562 0 0
469.599 479.686 2.6475 4.9765 6.04147 600 0 2693 7 14 -1.68457e-05 -1.51769e-05 0 0 0.892714 0.450624 0 0
461.145 475.51 2.6475 4.9765 6.04147 600 0 2655 7 14 -3.71598e-06 -1.06133e-05 0 0 0.904969 0.425477 0 0
452.789 471.143 2.6475 4.9765 6.04147 600 0 2617 7 14 3.52694e-07 -2.39615e-06 0 0 0.784883 0.619644 0 0
444.462 466.72 2.6475 4.9765 6.04147 600 0 2579 7 14 3.43159e-05 -2.51144e-05 0 0 0.850697 0.525656 0 0
436.702 461.364 2.6475 4.9765 6.04147 600 0 2541 7 14 -2.12857e-05 4.30732e-05 0 0 0.870768 0.491694 0 0
428.248 457.19 2.6475 4.9765 6.04147 600 0 2503 7 15 8.07674e-05 -7.58816e-05 0 0 0.79962 0.600506 0 0
420.844 451.354 2.6475 4.9765 6.04147 600 0 2808 7 13 2.64288e-05 -7.49959e-05 0 0 0.73728 0.675587 0 0
413.395 445.556 2.6475 4.9765 6.04147 600 0 23 7 10 0.00170102 -0.000538894 0 0 0.867278 0.497824 0 0
406.004 439.699 2.6475 4.9765 6.04147 600 0 2808 7 14 1.15106e-05 1.57994e-05 0 0 0.858498 0.512817 0 0
398.526 433.955 2.6475 4.9765 6.04147 600 0 2351 7 15 -4.87668e-05 4.72133e-05 0 0 0.743048 0.669238 0 0
390.17 429.585 2.6475 4.9765 6.04147 600 0 2313 7 14 2.06043e-05 -4.60168e-05 0 0 0.798799 0.601598 0 0
382.436 424.189 2.6475 4.9765 6.04147 600 0 2275 7 14 -8.94685e-06 -1.76355e-05 0 0 0.654947 0.755675 0 0
374.826 418.619 2.6475 4.9765 6.04147 600 0 2237 7 14 -5.24997e-07 -1.11342e-05 0 0 0.731217 0.682145 0 0
367.332 412.893 2.6475 4.9765 6.04147 600 0 2199 7 14 -2.85569e-06 -8.92526e-06 0 0 0.565601 0.824679 0 0
359.911 407.073 2.6475 4.9765 6.04147 600 0 2161 7 14 4.13376e-06 -1.6851e-06 0 0 0.68093 0.732349 0 0
352.543 401.187 2.6475 4.9765 6.04147 600 0 2123 7 14 4.60697e-06 1.1573e-06 0 0 0.71669 0.697391 0 0
345.203 395.265 2.6475 4.9765 6.04147 600 0 2085 7 14 1.1622e-05 9.06677e-06 0 0 0.52853 0.848915 0 0
337.866 389.34 2.6475 4.9765 6.04147 600 0 2047 7 14 1.19096e-05 1.19882e-05 0 0 0.60975 0.792594 0 0
330.502 383.45 2.6475 4.9765 6.04147 600 0 2009 7 14 1.88624e-05 1.98779e-05 0 0 0.557613 0.830101 0 0
323.078 377.636 2.6475 4.9765 6.04147 600 0 1971 7 14 1.79029e-05 2.12986e-05 0 0 0.530865 0.847457 0 0
315.557 371.951 2.6475 4.9765 6.04147 600 0 1933 7 14 2.4969e-05 2.79907e-05 0 0 0.579649 0.814866 0 0
307.9 366.45 2.6475 4.9765 6.04147 600 0 1895 7 14 2.23139e-05 2.66751e-05 0 0 0.610949 0.79167 0 0
300.069 361.202 2.6475 4.9765 6.04147 600 0 1857 7 14 2.99843e-05 3.0853e-05 0 0 0.650327 0.759655 0 0
292.034 356.273 2.6475 4.9765 6.04147 600 0 1819 7 14 2.53315e-05 2.61987e-05 0 0 0.752077 0.659075 0 0
283.773 351.736 2.6475 4.9765 6.04147 600 0 1781 7 14 3.33388e-05 2.74874e-05 0 0 0.781486 0.623923 0 0
275.274 347.662 2.6475 4.9765 6.04147 600 0 1324 7 15 2.60888e-05 2.00766e-05 0 0 0.986961 0.160958 0 0
266.549 344.103 2.6475 4.9765 6.04147 600 0 1286 7 14 3.35991e-05 1.88312e-05 0 0 0.997488 0.070829 0 0
257.619 341.096 2.6475 4.9765 6.04147 600 0 1248 7 14 2.30822e-05 1.11608e-05 0 0 0.977238 0.212145 0 0
248.517 338.659 2.6475 4.9765 6.04147 600 0 1210 7 14 2.89878e-05 9.05798e-06 0 0 0.968792 0.247876 0 0
239.284 336.784 2.6475 4.9765 6.04147 600 0 1172 7 14 1.59683e-05 3.48176e-06 0 0 0.988653 0.150217 0 0
229.96 335.433 2.6475 4.9765 6.04147 600 0 1134 7 14 1.99412e-05 2.04861e-06 0 0 0.975864 0.218378 0 0
220.579 334.572 2.6475 4.9765 6.04147 600 0 1096 7 14 6.45478e-06 -4.47937e-07 0 0 0.992366 0.12333 0 0
211.168 334.147 2.6475 4.9765 6.04147 600 0 1058 7 14 8.90111e-06 -8.89433e-07 0 0 0.984524 0.175251 0 0
201.748 334.112 2.6475 4.9765 6.04147 600 0 1020 7 14 -2.8137e-06 -1.06437e-06 0 0 0.995852 0.0909913 0 0
192.333 334.426 2.6475 4.9765 6.04147 600 0 982 7 14 -1.22742e-06 -8.8329e-07 0 0 0.988421 0.151739 0 0
182.934 335.059 2.6475 4.9765 6.04147 600 0 944 7 14 -9.67149e-06 9.31345e-08 0 0 0.999537 0.0304275 0 0
173.56 335.991 2.6475 4.9765 6.04147 600 0 906 7 14 -8.2264e-06 5.33335e-07 0 0 0.977548 0.210712 0 0
164.218 337.206 2.6475 4.9765 6.04147 600 0 868 7 14 -1.28906e-05 1.78483e-06 0 0 0.993052 0.117674 0 0
154.915 338.693 2.6475 4.9765 6.04147 600 0 830 7 14 -1.10003e-05 2.17846e-06 0 0 0.990067 0.140596 0 0
145.657 340.439 2.6475 4.9765 6.04147 600 0 792 7 14 -1.22672e-05 3.03653e-06 0 0 0.997452 0.0713438 0 0
136.447 342.423 2.6475 4.9765 6.04147 600 0 754 7 14 -9.71775e-06 2.96928e-06 0 0 0.997789 0.0664662 0 0
127.284 344.616 2.6475 4.9765 6.04147 600 0 716 7 14 -8.55594e-06 2.93439e-06 0 0 0.997735 -0.0672621 0 0
118.163 346.978 2.6475 4.9765 6.04147 600 0 678 7 14 -5.54985e-06 2.14352e-06 0 0 0.987566 -0.157202 0 0
109.073 349.459 2.6475 4.9765 6.04147 0.1 0 0 7 15 -3.04001e-06 1.21436e-06 0 0 4.21546e-309 1.5151e-311 0 0
100 352 2.6475 4.9765 6.04147 0.1 0 0 7 7 5.37648e-05 -0.0266886 0 0 4.71295e-311 2.68156e+154 0 0
100 361 2.6475 4.9765 6.04147 0.1 0 0 7 7 -0 -0 0 0 2.36849e-308 1.51723e-311 0 0
100 370 2.6475 4.9765 6.04147 0.1 0 0 7 7 -0 -0 0 0 2.82851e-309 2.32036e+77 0 0
100 379 2.6475 4.9765 6.04147 0.1 0 0 7 7 -0 -0 0 0 2.68156e+154 6.9513e-310 0 0
100 388 2.6475 4.9765 6.04147 0.1 0 0 7 7 -0 -0 0 0 6.9513e-310 4.34456e-311 0 0
100 397 2.6475 4.9765 6.04147 0.1 0 0 7 7 -0 -0 0 0 2.69918e-311 3.13419e-311 0 0
100 406 2.6475 4.9765 6.04147 0.1 0 0 7 7 -0 -0 0 0 2.22915e-308 2.27054e-311 0 0
100 415 2.6475 4.9765 6.04147 0.1 0 0 7 7 -0 -0 0 0 1.11702e-308 2.04773e-311 0 0
100 424 2.6475 4.9765 6.04147 0.1 0 0 7 7 -0 -0 0 0 4.73842e-311 2.68156e+154 0 0
100 433 2.6475 4.9765 6.04147 0.1 0 0 7 7 -0 -0 0 0 2.68156e+154 -4.34456e-311 0 0
100 442 2.6475 4.9765 6.04147 0.1 0 0 7 7 -0 -0 0 0 4.17201e-309 1.07585e-311 0 0
100 451 2.6475 4.9765 6.04147 0.1 0 0 7 7 -0 -0 0 0 1.70396e-311 -3.1111e+231 0 0
100 460 2.6475 4.9765 6.04147 0.1 0 0 7 7 -0 -0 0 0 4.7469e-311 2.68156e+154 0 0
100 469 2.6475 4.9765 6.04147 0.1 0 0 7 7 -0 -0 0 0 3.10024e-311 4.01269e-311 0 0
100 478 2.6475 4.9765 6.04147 0.1 0 0 7 7 -0 -0 0 0 4.75115e-311 2.68156e+154 0 0
100 487 2.6475 4.9765 6.04147 0.1 0 0 7 7 -0 -0 0 0 2.68156e+154 1.73061e-77 0 0
100 496 2.6475 4.9765 6.04147 0.1 0 0 7 7 -0 -0 0 0 2.82238e-309 0 0 0
100 505 2.6475 4.9765 6.04147 0.1 0 0 7 7 -0 -0 0 0 1.58937e-311 4.50712e-311 0 0
100 514 2.6475 4.9765 6.04147 0.1 0 0 7 7 -0 -0 0 0 2.68156e+154 2.68156e+154 0 0
100 523 2.6475 4.9765 6.04147 0.1 0 0 7 7 -0 -0 0 0 9.47568e-308 8.91238e-312 0 0
100 532 2.6475 4.9765 6.04147 0.1 0 0 7 7 -0 -0 0 0 4.78086e-311 2.68156e+154 0 0
100 541 2.6475 4.9765 6.04147 0.1 0 0 7 7 -0 -0 0 0 2.82918e-309 1.96921e-311 0 0
100 550 2.6475 4.9765 6.04147 0.1 0 0 7 7 -0 -0 0 0 6.95123e-310 6.9513e-310 0 0
100 559 2.6475 4.9765 6.04147 0.1 0 0 7 7 -0 -0 0 0 4.21546e-309 2.43605e-311 0 0
100 568 2.6475 4.9765 6.04147 0.1 0 0 7 7 -0 -0 0 0 -1.29075e-231 6.95293e-310 0 0
100 577 2.6475 4.9765 6.04147 0.1 0 0 7 7 -0 -0 0 0 4.86714e-309 3.05567e-312 0 0
100 586 2.6475 4.9765 6.04147 0.1 0 0 7 7 -0 -0 0 0 2.14746e-311 2.68156e+154 0 0
100 595 2.6475 4.9765 6.04147 0.1 0 0 7 7 -0 -0 0 0 4.37343e-311 2.32036e+77 0 0
100 604 2.6475 4.9765 6.04147 0.1 0 0 7 7 -0 -0 0 0 6.9513e-310 -1.73061e-77 0 0
100 613 2.6475 4.9765 6.04147 0.1 0 0 7 7 -0 -0 0 0 3.77079e-311 4.11243e-311 0 0
100 622 2.6475 4.9765 6.04147 0.1 0 0 7 7 -0 -0 0 0 1.49458e-154 6.95293e-310 0 0
100 631 2.6475 4.9765 6.04147 0.1 0 0 7 7 -0 -0 0 0 -2.6868e+154 5.68058e-311 0 0
100 640 2.6475 4.9765 6.04147 0.1 0 0 7 7 -0 -0 0 0 1.29075e-231 4.37343e-311 0 0
100 649 2.6475 4.9765 6.04147 0.1 0 0 7 7 -0 -0 0 0 6.9513e-310 1.49458e-154 0 0
100 658 2.6475 4.9765 6.04147 0.1 0 0 7 7 0.000402014 0.0267062 0 0 1.29075e-231 4.81693e-311 0 0
109.399 658.764 2.6475 4.9765 6.04147 0.1 0 0 7 15 1.23368e-06 -2.71529e-06 0 0 2.81534e-309 3.39732e-311 0 0
118.804 659.463 2.6475 4.9765 6.04147 600 0 695 7 13 2.44553e-06 -5.38793e-06 0 0 0.990817 0.135206 0 0
128.217 660.034 2.6475 4.9765 6.04147 600 0 695 7 13 3.6114e-06 -7.89345e-06 0 0 0.997481 0.070935 0 0
137.64 660.418 2.6475 4.9765 6.04147 600 0 733 7 13 4.7175e-06 -1.01074e-05 0 0 0.999958 0.00915383 0 0
147.069 660.568 2.6475 4.9765 6.04147 600 0 771 7 15 5.76539e-06 -1.19299e-05 0 0 0.998212 0.0597684 0 0
155.558 660.487 2.6475 4.9765 6.04147 600 0 1228 7 13 -0.0824618 0.00333313 0 0 0.929852 -0.367933 0 0
165.98 660.062 2.6475 4.9765 6.04147 600 0 1266 7 13 0.0875282 -0.00372725 0 0 0.946005 -0.324153 0 0
175.259 659.358 2.6475 4.9765 6.04147 600 0 1304 7 13 -0.0110531 0.000999234 0 0 0.933414 -0.3588 0 0
184.754 658.336 2.6475 4.9765 6.04147 600 0 1342 7 13 0.0102685 -0.00124993 0 0 0.787749 -0.615997 0 0
193.948 657.065 2.6475 4.9765 6.04147 600 0 1380 7 13 -0.0131056 0.00205015 0 0 0.859571 -0.511016 0 0
203.39 655.492 2.6475 4.9765 6.04147 600 0 1418 7 13 0.0143691 -0.00254783 0 0 0.794166 -0.607701 0 0
212.461 653.747 2.6475 4.9765 6.04147 600 0 1456 7 13 -0.0165507 0.00342814 0 0 0.860739 -0.509047 0 0
221.858 651.723 2.6475 4.9765 6.04147 600 0 1494 7 13 0.0173402 -0.00387311 0 0 0.816163 -0.577822 0 0
230.866 649.598 2.6475 4.9765 6.04147 600 0 1532 7 13 -0.0148716 0.00365543 0 0 0.873914 -0.486081 0 0
240.166 647.235 2.6475 4.9765 6.04147 600 0 1570 7 13 0.0139584 -0.0036451 0 0 0.833745 -0.55215 0 0
249.145 644.802 2.6475 4.9765 6.04147 600 0 1608 7 13 -0.0109268 0.00304384 0 0 0.889365 -0.457198 0 0
258.328 642.163 2.6475 4.9765 6.04147 600 0 1646 7 13 0.00959163 -0.00283389 0 0 0.849422 -0.527715 0 0
267.269 639.439 2.6475 4.9765 6.04147 600 0 1684 7 13 -0.00739122 0.00230692 0 0 0.842572 -0.538584 0 0
276.325 636.506 2.6475 4.9765 6.04147 600 0 1722 7 13 0.00627792 -0.00211016 0 0 0.831386 -0.555695 0 0
285.187 633.435 2.6475 4.9765 6.04147 600 0 1760 7 13 -0.00496568 0.00176315 0 0 0.91892 -0.394444 0 0
294.082 630.113 2.6475 4.9765 6.04147 600 0 1798 7 13 0.00421168 -0.00165791 0 0 0.890085 -0.455794 0 0
302.79 626.581 2.6475 4.9765 6.04147 600 0 1836 7 13 -0.00356496 0.00148074 0 0 0.927532 -0.373743 0 0
311.458 622.74 2.6475 4.9765 6.04147 600 0 1874 7 13 0.00308445 -0.0014582 0 0 0.899179 -0.437581 0 0
319.919 618.632 2.6475 4.9765 6.04147 600 0 1912 7 13 -0.00281315 0.00139599 0 0 0.892997 -0.450062 0 0
328.283 614.185 2.6475 4.9765 6.04147 600 0 1950 7 15 0.00250074 -0.00141881 0 0 0.803759 -0.594955 0 0
336.423 609.464 2.6475 4.9765 6.04147 600 0 2401 7 13 -0.00238455 0.00140889 0 0 0.69816 -0.715941 0 0
344.44 604.428 2.6475 4.9765 6.04147 600 0 2439 7 13 0.00217375 -0.00143952 0 0 0.693216 -0.72073 0 0
352.246 599.172 2.6475 4.9765 6.04147 600 0 2477 7 13 -0.00209518 0.00142977 0 0 0.680651 -0.732608 0 0
359.948 593.671 2.6475 4.9765 6.04147 600 0 2515 7 13 0.00194199 -0.00143772 0 0 0.586253 -0.810128 0 0
367.483 588.031 2.6475 4.9765 6.04147 600 0 2553 7 13 -0.00186236 0.00140412 0 0 0.720596 -0.693355 0 0
374.96 582.233 2.6475 4.9765 6.04147 600 0 2591 7 13 0.00173251 -0.00137072 0 0 0.661535 -0.749914 0 0
382.327 576.373 2.6475 4.9765 6.04147 600 0 2629 7 13 -0.00166431 0.00132827 0 0 0.706765 -0.707448 0 0
389.681 570.424 2.6475 4.9765 6.04147 600 0 2667 7 13 0.00152821 -0.00124626 0 0 0.840672 -0.541545 0 0
396.971 564.467 2.6475 4.9765 6.04147 600 0 2705 7 13 -0.00150617 0.00123228 0 0 0.832817 -0.553548 0 0
404.274 558.463 2.6475 4.9765 6.04147 600 0 2743 7 13 0.00135437 -0.00111653 0 0 0.748035 -0.663659 0 0
411.534 552.473 2.6475 4.9765 6.04147 600 0 2781 7 13 -0.00146035 0.00120577 0 0 0.881825 -0.471577 0 0
418.816 546.447 2.6475 4.9765 6.04147 600 0 2819 7 13 0.00142119 -0.00117085 0 0 0.825946 -0.563749 0 0
426.078 540.475 2.6475 4.9765 6.04147 600 0 2857 7 13 -0.00198625 0.0016679 0 0 0.923333 -0.384001 0 0
433.26 534.316 2.6475 4.9765 6.04147 600 0 2895 7 13 0.00275681 -0.00204343 0 0 0.893332 -0.449398 0 0
441.023 529.073 2.6475 4.9765 6.04147 600 0 2933 7 13 -0.00393508 0.0047341 0 0 0.948568 -0.316575 0 0
445.32 522.169 1.87207 3.51892 4.27197 600 0 2971 11 13 0.00963442 -0.00382241 0 0 0.99398 -0.109559 0 0
451.863 521.962 1.87207 3.51892 4.27197 600 0 2971 11 13 -0.0150175 0.00255741 0 0 0.99398 -0.109559 0 0
459.728 519.539 2.6475 4.9765 6.04147 600 0 599 8 10 0.0102195 -0.0111525 0 0 0.684643 -0.728879 1 0
458.204 527.631 1.87207 3.51892 4.27197 600 0 2971 11 14 -0.00158127 0.0156608 0 0 0.997028 -0.0770462 0 0
458.101 534.177 1.87207 3.51892 4.27197 600 0 2971 11 14 0.00504695 -0.0106248 0 0 0.997028 -0.0770462 0 0
450.994 538.185 2.6475 4.9765 6.04147 600 0 2933 7 14 -0.00775631 0.00515966 0 0 0.986037 -0.166527 0 0
443.92 544.262 2.6475 4.9765 6.04147 600 0 2895 7 14 0.00602537 -0.00513368 0 0 0.96585 -0.259101 0 0
436.67 550.407 2.6475 4.9765 6.04147 600 0 2857 7 14 -0.00531903 0.00443249 0 0 0.950444 -0.310897 0 0
429.421 556.299 2.6475 4.9765 6.04147 600 0 2819 7 14 0.00492239 -0.00403523 0 0 0.941677 -0.336518 0 0
422.105 562.336 2.6475 4.9765 6.04147 600 0 2781 7 14 -0.004529 0.00372323 0 0 0.90518 -0.425029 0 0
414.865 568.254 2.6475 4.9765 6.04147 600 0 2743 7 14 0.0041382 -0.00343791 0 0 0.927234 -0.374484 0 0
407.618 574.35 2.6475 4.9765 6.04147 600 0 2705 7 14 -0.00359443 0.00302366 0 0 0.897605 -0.440801 0 0
400.451 580.378 2.6475 4.9765 6.04147 600 0 2667 7 14 0.00291737 -0.00244638 0 0 0.798498 -0.601998 0 0
393.205 586.44 2.6475 4.9765 6.04147 600 0 2629 7 14 -0.00207408 0.00172389 0 0 0.822361 -0.568966 0 0
385.91 592.35 2.6475 4.9765 6.04147 600 0 2591 7 14 0.00092652 -0.000873666 0 0 0.764482 -0.644646 0 0
379.44 599.194 2.6475 4.9765 6.04147 600 0 2553 7 14 0.000164893 1.76907e-05 0 0 0.840119 -0.542402 0 0
371.968 604.936 2.6475 4.9765 6.04147 600 0 2515 7 14 -0.000996143 0.00167106 0 0 0.662525 -0.74904 0 0
363.892 609.746 2.6475 4.9765 6.04147 600 0 2477 7 14 0.000256462 -0.00147458 0 0 0.786405 -0.617711 0 0
364.031 619.19 2.6475 4.9765 6.04147 600 0 2439 7 14 -0.00089469 0.00307758 0 0 0.75955 -0.650449 0 0
372.138 614.329 2.6475 4.9765 6.04147 600 0 2102 7 15 0.00243424 -0.00266624 0 0 0.847348 -0.531038 0 0
381.434 612.962 2.6475 4.9765 6.04147 600 0 2140 7 13 -0.00154613 0.000343151 0 0 0.929575 -0.368634 0 0
390.282 609.683 2.6475 4.9765 6.04147 600 0 2178 7 13 0.000800738 -0.000376616 0 0 0.905907 -0.423477 0 0
398.215 604.612 2.6475 4.9765 6.04147 600 0 2216 7 13 -0.000301472 0.000189569 0 0 0.879887 -0.475182 0 0
407.62 605.252 2.6475 4.9765 6.04147 600 0 2254 7 13 0.000265618 -6.92948e-05 0 0 0.86268 -0.50575 0 0
416.727 602.827 2.6475 4.9765 6.04147 600 0 2292 7 13 5.7014e-06 2.42164e-05 0 0 0.86641 -0.499333 0 0
426.022 601.246 2.6475 4.9765 6.04147 600 0 2330 7 13 0.000141193 -3.21601e-05 0 0 0.92247 -0.38607 0 0
435.286 599.486 2.6475 4.9765 6.04147 600 0 2368 7 13 7.36242e-05 -2.00685e-05 0 0 0.925147 -0.379608 0 0
444.531 597.613 2.6475 4.9765 6.04147 600 0 2406 7 13 0.000101219 -3.8213e-05 0 0 0.859064 -0.511868 0 0
453.72 595.472 2.6475 4.9765 6.04147 600 0 2444 7 13 8.60859e-05 -3.99733e-05 0 0 0.890191 -0.455588 0 0
462.848 593.074 2.6475 4.9765 6.04147 600 0 2482 7 13 9.1104e-05 -3.54727e-05 0 0 0.856881 -0.515514 0 0
471.943 590.546 2.6475 4.9765 6.04147 600 0 2520 7 13 8.87333e-05 -3.27297e-05 0 0 0.931762 -0.363069 0 0
481.017 587.938 2.6475 4.9765 6.04147 600 0 2558 7 13 8.7928e-05 -3.33369e-05 0 0 0.861441 -0.507857 0 0
490.073 585.257 2.6475 4.9765 6.04147 600 0 2596 7 13 8.54324e-05 -3.88652e-05 0 0 0.88191 -0.471418 0 0
499.098 582.465 2.6475 4.9765 6.04147 600 0 2634 7 13 8.09898e-05 -5.20526e-05 0 0 0.839321 -0.543636 0 0
508.06 579.473 2.6475 4.9765 6.04147 600 0 2672 7 13 7.85893e-05 -5.91484e-05 0 0 0.871634 -0.490158 0 0
516.948 576.259 2.6475 4.9765 6.04147 600 0 2710 7 13 8.22328e-05 -5.00915e-05 0 0 0.834245 -0.551394 0 0
525.792 572.919 2.6475 4.9765 6.04147 600 0 2748 7 13 9.21155e-05 -2.5013e-05 0 0 0.82202 -0.569459 0 0
534.659 569.634 2.6475 4.9765 6.04147 600 0 2786 7 13 0.000103247 2.89623e-06 0 0 0.820811 -0.5712 0 0
543.607 566.571 2.6475 4.9765 6.04147 600 0 2824 7 13 0.000109243 1.91626e-05 0 0 0.800944 -0.598739 0 0
552.654 563.8 2.6475 4.9765 6.04147 600 0 2862 7 13 0.000106355 6.94721e-06 0 0 0.903884 -0.427777 0 0
554.821 554.633 2.6475 4.9765 6.04147 600 0 2900 7 13 3.73239e-05 -9.11106e-06 0 0 0.801554 -0.597922 0 0
561.712 561.058 2.6475 4.9765 6.04147 600 0 2938 7 13 8.58143e-05 -6.13916e-05 0 0 0.783364 -0.621564 0 0
570.773 558.316 2.6475 4.9765 6.04147 600 0 2976 9 13 6.62496e-05 -0.00012678 0 0 0.662728 -0.74886 0 0
580.055 556.407 2.6475 4.9765 6.04147 600 0 1772 8 10 6.55709e-05 -0.000132195 0 0 0.779849 -0.625967 1 0
578.708 565.748 2.6475 4.9765 6.04147 600 0 2976 9 14 6.67778e-05 -0.000130404 0 0 0.842123 -0.539285 0 0
572.525 572.863 2.6475 4.9765 6.04147 600 0 2938 7 14 2.3258e-05 -0.000171198 0 0 0.881158 -0.472821 0 0
563.256 574.567 2.6475 4.9765 6.04147 600 0 2900 7 14 4.90465e-05 1.07115e-05 0 0 0.85177 -0.523916 0 0
554.447 577.916 2.6475 4.9765 6.04147 600 0 2862 7 14 4.34496e-05 -1.95971e-05 0 0 0.874032 -0.485868 0 0
545.489 580.837 2.6475 4.9765 6.04147 600 0 2824 7 14 2.74358e-05 -7.85031e-06 0 0 0.945153 -0.326628 0 0
536.634 584.054 2.6475 4.9765 6.04147 600 0 2786 7 14 3.46112e-05 -1.26277e-05 0 0 0.927103 -0.374807 0 0
527.807 587.348 2.6475 4.9765 6.04147 600 0 2748 7 14 6.11364e-06 -2.18456e-06 0 0 0.970965 -0.239223 0 0
518.957 590.576 2.6475 4.9765 6.04147 600 0 2710 7 14 1.48396e-05 -4.94187e-06 0 0 0.951533 -0.307548 0 0
510.056 593.662 2.6475 4.9765 6.04147 600 0 2672 7 14 -2.14998e-05 7.5561e-06 0 0 0.98807 -0.154008 0 0
501.097 596.575 2.6475 4.9765 6.04147 600 0 2634 7 14 -1.40738e-05 4.37478e-06 0 0 0.971558 -0.2368 0 0
492.082 599.312 2.6475 4.9765 6.04147 600 0 2596 7 14 -5.2134e-05 1.4668e-05 0 0 0.993252 -0.115978 0 0
483.02 601.893 2.6475 4.9765 6.04147 600 0 2558 7 14 -4.59968e-05 1.13774e-05 0 0 0.979511 -0.201391 0 0
473.919 604.339 2.6475 4.9765 6.04147 600 0 2520 7 14 -7.71404e-05 1.81714e-05 0 0 0.996093 -0.0883052 0 0
464.786 606.667 2.6475 4.9765 6.04147 600 0 2482 7 14 -6.99996e-05 1.46534e-05 0 0 0.967534 -0.252739 0 0
455.624 608.887 2.6475 4.9765 6.04147 600 0 2444 7 14 -8.70912e-05 1.71763e-05 0 0 0.961252 -0.275673 0 0
446.436 611.008 2.6475 4.9765 6.04147 600 0 2406 7 14 -7.68586e-05 1.33694e-05 0 0 0.990572 -0.136996 0 0
437.227 613.038 2.6475 4.9765 6.04147 600 0 2368 7 14 -7.31806e-05 1.15771e-05 0 0 0.981064 -0.193684 0 0
427.997 614.987 2.6475 4.9765 6.04147 600 0 2330 7 14 -6.84113e-05 1.007e-05 0 0 0.97959 -0.201005 0 0
418.753 616.867 2.6475 4.9765 6.04147 600 0 2292 7 14 -2.05781e-05 1.82006e-07 0 0 0.996703 -0.0811336 0 0
409.494 618.686 2.6475 4.9765 6.04147 600 0 2254 7 14 -8.14025e-05 1.31858e-05 0 0 0.971823 -0.235711 0 0
400.229 620.466 2.6475 4.9765 6.04147 600 0 2216 7 14 0.000133529 -3.21013e-05 0 0 0.999316 -0.0369749 0 0
390.94 622.139 2.6475 4.9765 6.04147 600 0 2178 7 14 -0.000270223 6.75032e-05 0 0 0.993955 -0.109789 0 0
381.701 624.02 2.6475 4.9765 6.04147 600 0 2140 7 14 0.00066698 -0.000166334 0 0 0.998745 0.0500876 0 0
372.257 623.775 2.6475 4.9765 6.04147 600 0 2102 7 14 -0.00136733 0.00120938 0 0 0.996719 -0.080941 0 0
364.165 628.578 2.6475 4.9765 6.04147 600 0 2064 7 14 0.00128473 -0.00149298 0 0 0.987004 -0.160693 0 0
354.83 629.987 2.6475 4.9765 6.04147 600 0 2026 7 14 -0.000704405 0.000189943 0 0 0.999812 -0.019413 0 0
345.856 632.849 2.6475 4.9765 6.04147 600 0 1988 7 14 0.000471503 -0.000151082 0 0 0.993514 -0.113712 0 0
336.805 635.495 2.6475 4.9765 6.04147 600 0 1950 7 14 -0.000183742 5.20181e-05 0 0 0.979123 -0.20327 0 0
327.743 638.072 2.6475 4.9765 6.04147 600 0 1912 7 14 0.000175127 -5.00736e-05 0 0 0.994411 -0.10558 0 0
318.66 640.588 2.6475 4.9765 6.04147 600 0 1874 7 14 -2.66062e-05 7.06337e-06 0 0 0.983261 -0.182202 0 0
309.57 643.062 2.6475 4.9765 6.04147 600 0 1836 7 14 6.91375e-05 -1.88055e-05 0 0 0.978559 -0.205968 0 0
300.474 645.519 2.6475 4.9765 6.04147 600 0 1798 7 14 1.26226e-05 -3.43827e-06 0 0 0.992916 -0.118821 0 0
291.384 647.99 2.6475 4.9765 6.04147 600 0 1760 7 14 2.67279e-05 -7.48744e-06 0 0 0.993233 -0.116136 0 0
282.305 650.502 2.6475 4.9765 6.04147 600 0 1722 7 14 1.33174e-05 -4.18304e-06 0 0 0.973048 -0.230601 0 0
273.247 653.087 2.6475 4.9765 6.04147 600 0 1684 7 14 6.93345e-06 -2.7358e-06 0 0 0.961635 -0.274332 0 0
264.217 655.768 2.6475 4.9765 6.04147 600 0 1646 7 14 4.5222e-06 -2.32357e-06 0 0 0.97799 -0.208653 0 0
255.223 658.566 2.6475 4.9765 6.04147 600 0 1608 7 14 -3.2322e-06 -9.78162e-09 0 0 0.973731 -0.227702 0 0
246.269 661.489 2.6475 4.9765 6.04147 600 0 1570 7 14 -3.20515e-06 8.43501e-08 0 0 0.962797 -0.270226 0 0
237.355 664.535 2.6475 4.9765 6.04147 600 0 1532 7 14 -7.9273e-06 1.86616e-06 0 0 0.963387 -0.268116 0 0
228.484 667.701 2.6475 4.9765 6.04147 600 0 1494 7 14 -7.30592e-06 1.75163e-06 0 0 0.951367 -0.30806 0 0
219.663 671.007 2.6475 4.9765 6.04147 600 0 1456 7 14 -9.34031e-06 2.33807e-06 0 0 0.947591 -0.319486 0 0
210.933 674.544 2.6475 4.9765 6.04147 600 0 1418 7 14 -8.73513e-06 1.54147e-06 0 0 0.936528 -0.350593 0 0
202.414 678.565 2.6475 4.9765 6.04147 600 0 1380 7 14 -9.17762e-06 1.58564e-06 0 0 0.910141 -0.414299 0 0
194.356 683.445 2.6475 4.9765 6.04147 600 0 1342 7 14 -4.9479e-06 7.13305e-06 0 0 0.960711 -0.277552 0 0
185.44 686.486 2.6475 4.9765 6.04147 600 0 1304 7 14 -6.96451e-06 8.83515e-07 0 0 0.918705 -0.394944 0 0
177.761 691.943 2.6475 4.9765 6.04147 600 0 1266 7 14 -1.1626e-07 9.90096e-06 0 0 0.99962 -0.0275716 0 0
186.326 695.865 2.6475 4.9765 6.04147 600 0 923 7 15 4.61792e-06 -2.68644e-07 0 0 0.999 0.0447101 0 0
195.093 699.315 2.6475 4.9765 6.04147 600 0 961 7 13 3.78124e-06 2.35062e-06 0 0 0.997768 -0.0667746 0 0
203.703 703.141 2.6475 4.9765 6.04147 600 0 999 7 13 4.99356e-06 -1.88804e-07 0 0 0.999955 0.00943621 0 0
212.637 706.132 2.6475 4.9765 6.04147 600 0 1037 7 13 4.70594e-06 9.01883e-07 0 0 0.998774 -0.0494958 0 0
221.638 708.917 2.6475 4.9765 6.04147 600 0 1075 7 13 4.68614e-06 9.85054e-07 0 0 0.992919 0.118797 0 0
230.675 711.579 2.6475 4.9765 6.04147 600 0 1113 7 13 4.59851e-06 1.17538e-06 0 0 0.998278 0.058655 0 0
239.725 714.2 2.6475 4.9765 6.04147 600 0 1151 7 13 4.46665e-06 1.32459e-06 0 0 0.999222 0.0394464 0 0
248.773 716.828 2.6475 4.9765 6.04147 600 0 1189 7 13 4.31212e-06 1.43356e-06 0 0 0.994796 -0.101882 0 0
257.812 719.489 2.6475 4.9765 6.04147 600 0 1227 7 13 4.12678e-06 1.49666e-06 0 0 0.988789 -0.149318 0 0
266.836 722.198 2.6475 4.9765 6.04147 600 0 1265 7 13 3.93545e-06 1.50872e-06 0 0 0.986492 0.163809 0 0
275.845 724.958 2.6475 4.9765 6.04147 600 0 1303 7 13 3.73783e-06 1.4393e-06 0 0 0.997577 -0.0695729 0 0
284.84 727.761 2.6475 4.9765 6.04147 600 0 1341 7 13 3.56348e-06 1.27852e-06 0 0 0.99422 -0.107364 0 0
293.829 730.587 2.6475 4.9765 6.04147 600 0 1379 7 13 3.41301e-06 9.7428e-07 0 0 0.978233 -0.207509 0 0
302.821 733.4 2.6475 4.9765 6.04147 600 0 1417 7 13 3.32941e-06 4.88718e-07 0 0 0.990901 -0.134592 0 0
311.835 736.146 2.6475 4.9765 6.04147 600 0 1455 7 13 3.29873e-06 -2.35526e-07 0 0 0.982622 -0.185617 0 0
320.892 738.744 2.6475 4.9765 6.04147 600 0 1493 7 13 3.35732e-06 -1.21755e-06 0 0 0.999014 -0.0443889 0 0
330.018 741.091 2.6475 4.9765 6.04147 600 0 1531 7 13 3.45058e-06 -2.49687e-06 0 0 0.995962 -0.0897714 0 0
339.234 743.056 2.6475 4.9765 6.04147 600 0 1569 7 13 3.56431e-06 -3.91676e-06 0 0 0.990148 -0.140022 0 0
348.545 744.5 2.6475 4.9765 6.04147 600 0 1607 7 13 3.60817e-06 -5.49551e-06 0 0 0.996225 -0.0868117 0 0
357.936 745.281 2.6475 4.9765 6.04147 600 0 1645 7 13 3.58307e-06 -6.82115e-06 0 0 0.985367 -0.170448 0 0
367.359 745.299 2.6475 4.9765 6.04147 600 0 1683 7 13 3.4365e-06 -7.83234e-06 0 0 0.96503 -0.262141 0 0
376.748 744.509 2.6475 4.9765 6.04147 600 0 1721 7 15 3.33426e-06 -8.3352e-06 0 0 0.997536 -0.070155 0 0
386.039 742.936 2.6475 4.9765 6.04147 600 0 2189 7 13 3.27645e-06 -8.24922e-06 0 0 0.844386 -0.535736 0 0
395.185 740.666 2.6475 4.9765 6.04147 600 0 2227 7 13 3.45058e-06 -7.75362e-06 0 0 0.801642 -0.597804 0 0
404.17 737.825 2.6475 4.9765 6.04147 600 0 2265 7 13 3.76719e-06 -6.89156e-06 0 0 0.802549 -0.596587 0 0
413.006 734.55 2.6475 4.9765 6.04147 600 0 2303 7 13 4.3095e-06 -6.01039e-06 0 0 0.752695 -0.658369 0 0
421.722 730.968 2.6475 4.9765 6.04147 600 0 2341 7 13 4.92173e-06 -5.03152e-06 0 0 0.72409 -0.689706 0 0
430.357 727.192 2.6475 4.9765 6.04147 600 0 2379 7 13 5.68238e-06 -4.28306e-06 0 0 0.788333 -0.615249 0 0
438.943 723.308 2.6475 4.9765 6.04147 600 0 2417 7 13 6.351e-06 -3.7096e-06 0 0 0.759541 -0.65046 0 0
447.508 719.377 2.6475 4.9765 6.04147 600 0 2455 7 13 7.1366e-06 -3.4741e-06 0 0 0.731489 -0.681854 0 0
456.069 715.435 2.6475 4.9765 6.04147 600 0 2493 7 13 7.72916e-06 -3.49916e-06 0 0 0.805675 -0.592358 0 0
464.631 711.496 2.6475 4.9765 6.04147 600 0 2531 7 13 8.45227e-06 -3.9015e-06 0 0 0.734837 -0.678243 0 0
473.193 707.557 2.6475 4.9765 6.04147 600 0 2569 7 13 8.94854e-06 -4.46909e-06 0 0 0.777569 -0.628798 0 0
481.747 703.602 2.6475 4.9765 6.04147 600 0 2607 7 13 9.63485e-06 -5.34844e-06 0 0 0.716625 -0.697458 0 0
490.285 699.609 2.6475 4.9765 6.04147 600 0 2645 7 13 1.00332e-05 -6.34048e-06 0 0 0.76256 -0.646917 0 0
498.793 695.552 2.6475 4.9765 6.04147 600 0 2683 7 13 1.0611e-05 -7.71823e-06 0 0 0.793191 -0.608973 0 0
507.254 691.397 2.6475 4.9765 6.04147 600 0 2721 7 13 1.09141e-05 -9.08445e-06 0 0 0.742228 -0.670147 0 0
515.652 687.117 2.6475 4.9765 6.04147 600 0 2759 7 13 1.15472e-05 -1.05923e-05 0 0 0.765334 -0.643634 0 0
523.974 682.69 2.6475 4.9765 6.04147 600 0 2797 7 13 1.25445e-05 -1.10038e-05 0 0 0.688563 -0.725176 0 0
532.23 678.139 2.6475 4.9765 6.04147 600 0 2835 7 13 7.59227e-06 -2.30846e-05 0 0 0.727507 -0.6861 0 0
540.196 673.097 2.6475 4.9765 6.04147 600 0 2873 7 13 2.65257e-05 4.03789e-06 0 0 0.744572 -0.667542 0 0
548.448 668.538 2.6475 4.9765 6.04147 600 0 2911 7 13 -5.02386e-05 -0.000138937 0 0 0.71044 -0.703758 0 0
554.053 660.956 2.6475 4.9765 6.04147 600 0 2949 7 13 0.000436459 0.000217999 0 0 0.679768 -0.733428 0 0
563.443 660.026 2.6475 4.9765 6.04147 600 0 2987 9 13 0.000386197 -0.000305658 0 0 0.74617 -0.665755 0 0
572.895 660.077 2.6475 4.9765 6.04147 600 0 811 8 10 0.000386167 -0.000191482 0 0 0.74617 -0.665755 0 0
569.648 668.956 2.6475 4.9765 6.04147 600 0 2987 9 14 0.000275478 -0.000232154 0 0 0.74617 -0.665755 0 0
564.393 676.799 2.6475 4.9765 6.04147 600 0 2949 7 14 -0.000146482 -0.00051557 0 0 0.843216 -0.537575 0 0
555.309 679.351 2.6475 4.9765 6.04147 600 0 2911 7 14 7.33179e-05 0.000257477 0 0 0.832766 -0.553625 0 0
547.948 685.256 2.6475 4.9765 6.04147 600 0 2873 7 14 -0.000147265 -3.01042e-05 0 0 0.818841 -0.574021 0 0
539.799 690.02 2.6475 4.9765 6.04147 600 0 2835 7 14 -9.12609e-05 3.86455e-05 0 0 0.909558 -0.415578 0 0
531.58 694.667 2.6475 4.9765 6.04147 600 0 2797 7 14 -8.05651e-05 2.05192e-05 0 0 0.876016 -0.482281 0 0
523.256 699.127 2.6475 4.9765 6.04147 600 0 2759 7 14 -5.98328e-05 1.33447e-05 0 0 0.905097 -0.425204 0 0
514.86 703.454 2.6475 4.9765 6.04147 600 0 2721 7 14 -4.00772e-05 9.56152e-07 0 0 0.898785 -0.438389 0 0
506.393 707.642 2.6475 4.9765 6.04147 600 0 2683 7 14 -1.71198e-05 -6.6131e-06 0 0 0.904046 -0.427436 0 0
497.874 711.723 2.6475 4.9765 6.04147 600 0 2645 7 14 5.95842e-06 -1.04868e-05 0 0 0.868523 -0.49565 0 0
489.329 715.749 2.6475 4.9765 6.04147 600 0 2607 7 14 2.68581e-05 -1.68223e-05 0 0 0.879562 -0.475784 0 0
480.769 719.743 2.6475 4.9765 6.04147 600 0 2569 7 14 4.32179e-05 -2.32113e-05 0 0 0.905327 -0.424715 0 0
472.2 723.713 2.6475 4.9765 6.04147 600 0 2531 7 14 6.10376e-05 -2.67568e-05 0 0 0.883095 -0.469194 0 0
463.638 727.694 2.6475 4.9765 6.04147 600 0 2493 7 14 7.17889e-05 -2.72405e-05 0 0 0.863145 -0.504957 0 0
455.104 731.732 2.6475 4.9765 6.04147 600 0 2455 7 14 8.71e-05 -3.23038e-05 0 0 0.885539 -0.464565 0 0
446.616 735.861 2.6475 4.9765 6.04147 600 0 2417 7 14 8.78944e-05 -2.84524e-05 0 0 0.864991 -0.501788 0 0
438.213 740.154 2.6475 4.9765 6.04147 600 0 2379 7 14 0.000106593 -4.00185e-05 0 0 0.847038 -0.531533 0 0
429.917 744.644 2.6475 4.9765 6.04147 600 0 2341 7 14 8.9518e-05 -2.80019e-05 0 0 0.863526 -0.504305 0 0
421.808 749.46 2.6475 4.9765 6.04147 600 0 2303 7 14 0.000127809 -5.07085e-05 0 0 0.820873 -0.571111 0 0
414.05 754.82 2.6475 4.9765 6.04147 600 0 2265 7 14 7.2948e-05 -2.05329e-05 0 0 0.79492 -0.606714 0 0
404.674 755.759 2.6475 4.9765 6.04147 600 0 2227 7 14 0.000127298 -2.55504e-06 0 0 0.885979 -0.463726 0 0
410.172 763.409 2.6475 4.9765 6.04147 600 0 1873 7 15 0.000124881 -6.67173e-05 0 0 0.987728 -0.156184 0 0
415.723 771.024 2.6475 4.9765 6.04147 600 0 1911 7 13 0.00012334 -1.31527e-05 0 0 0.971273 -0.237968 0 0
424.458 774.566 2.6475 4.9765 6.04147 600 0 1949 7 13 6.50524e-05 2.4151e-05 0 0 0.976298 -0.216431 0 0
433.221 778.042 2.6475 4.9765 6.04147 600 0 1987 7 13 8.12857e-05 -4.40782e-06 0 0 0.961688 -0.274148 0 0
442.283 780.645 2.6475 4.9765 6.04147 600 0 2025 7 13 4.54371e-05 -4.58425e-06 0 0 0.932925 -0.360071 0 0
451.451 782.854 2.6475 4.9765 6.04147 600 0 2063 7 13 3.67717e-05 1.11281e-06 0 0 0.958431 -0.285325 0 0
460.656 784.901 2.6475 4.9765 6.04147 600 0 2101 7 13 -1.65604e-07 -1.89637e-05 0 0 0.938761 -0.344569 0 0
469.943 786.546 2.6475 4.9765 6.04147 600 0 2139 7 13 -6.60266e-06 5.44666e-05 0 0 0.918071 -0.396416 0 0
478.944 789.357 2.6475 4.9765 6.04147 600 0 2177 7 13 -1.91308e-05 -0.000141891 0 0 0.967431 -0.253134 0 0
488.37 789.032 2.6475 4.9765 6.04147 600 0 2215 7 13 6.88295e-05 6.48647e-05 0 0 0.945455 -0.325752 0 0
497.761 789.883 2.6475 4.9765 6.04147 600 0 2253 7 13 -7.03897e-05 -2.72381e-05 0 0 0.866075 -0.499915 0 0
505.259 784.17 2.6475 4.9765 6.04147 600 0 2291 7 13 0.000104849 0.000111477 0 0 0.929117 -0.369785 0 0
514.682 783.914 2.6475 4.9765 6.04147 600 0 2329 7 13 6.65108e-05 -0.000105805 0 0 0.861022 -0.508568 0 0
523.596 780.838 2.6475 4.9765 6.04147 600 0 2367 7 13 0.000116522 1.7474e-05 0 0 0.824025 -0.566553 0 0
532.816 778.854 2.6475 4.9765 6.04147 600 0 2405 7 13 8.87286e-05 -4.07602e-05 0 0 0.795955 -0.605355 0 0
541.956 776.517 2.6475 4.9765 6.04147 600 0 2443 7 13 8.65478e-05 -2.6642e-05 0 0 0.747624 -0.664123 0 0
551.081 774.116 2.6475 4.9765 6.04147 600 0 2481 7 13 6.86334e-05 -4.27589e-05 0 0 0.75255 -0.658536 0 0
560.123 771.412 2.6475 4.9765 6.04147 600 0 2519 7 13 5.8588e-05 -3.39581e-05 0 0 0.716549 -0.697536 0 0
569.111 768.526 2.6475 4.9765 6.04147 600 0 2557 7 13 4.67363e-05 -1.86808e-05 0 0 0.782535 -0.622606 0 0
578.087 765.603 2.6475 4.9765 6.04147 600 0 2595 7 13 3.39619e-05 -3.31896e-06 0 0 0.73948 -0.673178 0 0
587.089 762.755 2.6475 4.9765 6.04147 600 0 2633 7 13 1.91121e-05 1.308e-05 0 0 0.689309 -0.724467 0 0
596.148 760.094 2.6475 4.9765 6.04147 600 0 2671 7 13 -6.53807e-06 -4.4825e-06 0 0 0.748859 -0.66273 0 0
605.188 757.37 2.6475 4.9765 6.04147 600 0 2709 7 13 -1.7449e-05 2.89077e-05 0 0 0.699344 -0.714785 0 0
614.296 754.884 2.6475 4.9765 6.04147 600 0 2747 7 13 -0.000109164 -0.000235036 0 0 0.740978 -0.671529 0 0
622.234 749.774 2.6475 4.9765 6.04147 600 0 2785 7 13 2.50092e-05 7.51802e-06 0 0 0.708155 -0.706057 0 0
630.286 744.844 2.6475 4.9765 6.04147 600 0 2823 7 13 -6.63701e-07 -1.81306e-07 0 0 0.65168 -0.758494 0 0
638.335 739.91 2.6475 4.9765 6.04147 600 0 2861 7 13 -1.45006e-05 8.24765e-06 0 0 0.604758 -0.796409 0 0
646.381 734.971 2.6475 4.9765 6.04147 600 0 2899 7 13 -4.9587e-05 -2.36975e-05 0 0 0.561408 -0.827539 0 0
654.138 729.59 2.6475 4.9765 6.04147 600 0 2937 7 13 0.000133152 0.000255978 0 0 0.488101 -0.872787 0 0
663.269 727.193 2.6475 4.9765 6.04147 600 0 2975 9 13 2.49198e-05 -0.000134481 0 0 0.515956 -0.856615 0 0
672.607 728.626 2.6475 4.9765 6.04147 0.1 0 2343 8 10 2.25601e-05 -0.000138352 0 0 0.728158 -0.68541 0 0
668.076 736.937 2.6475 4.9765 6.04147 600 0 2975 9 14 2.37192e-05 -0.000135938 0 0 0.777204 -0.629248 0 0
660.904 743.099 2.6475 4.9765 6.04147 600 0 2937 7 14 -4.77481e-05 -0.000216615 0 0 0.804514 -0.593933 0 0
652.921 748.163 2.6475 4.9765 6.04147 600 0 2899 7 14 5.38418e-05 -5.30396e-05 0 0 0.7543 -0.65653 0 0
644.876 753.124 2.6475 4.9765 6.04147 600 0 2861 7 14 4.39508e-05 -6.55789e-05 0 0 0.961315 -0.27545 0 0
636.701 757.864 2.6475 4.9765 6.04147 600 0 2823 7 14 3.61197e-05 -7.53549e-05 0 0 0.962144 -0.27254 0 0
628.338 762.262 2.6475 4.9765 6.04147 600 0 2785 7 14 3.30575e-05 -7.71062e-05 0 0 0.933613 -0.358282 0 0
619.772 766.243 2.6475 4.9765 6.04147 600 0 2747 7 14 3.44947e-05 -6.94158e-05 0 0 0.943304 -0.331929 0 0
611.026 769.812 2.6475 4.9765 6.04147 600 0 2709 7 14 3.83964e-05 -5.47657e-05 0 0 0.917314 -0.398164 0 0
602.154 773.048 2.6475 4.9765 6.04147 600 0 2671 7 14 4.21327e-05 -3.87585e-05 0 0 0.996595 -0.0824546 0 0
593.208 776.068 2.6475 4.9765 6.04147 600 0 2633 7 14 4.42083e-05 -2.72012e-05 0 0 0.987201 -0.159481 0 0
584.222 778.966 2.6475 4.9765 6.04147 600 0 2595 7 14 4.38436e-05 -2.20646e-05 0 0 0.998362 -0.057211 0 0
575.211 781.78 2.6475 4.9765 6.04147 600 0 2557 7 14 4.28815e-05 -2.22549e-05 0 0 0.959092 -0.283093 0 0
566.17 784.493 2.6475 4.9765 6.04147 600 0 2519 7 14 4.02281e-05 -2.38842e-05 0 0 0.946619 -0.322353 0 0
557.089 787.063 2.6475 4.9765 6.04147 600 0 2481 7 14 4.14876e-05 -2.59891e-05 0 0 0.997328 0.073047 0 0
547.958 789.447 2.6475 4.9765 6.04147 600 0 2443 7 14 3.73061e-05 -2.54593e-05 0 0 0.999105 0.0422976 0 0
538.774 791.608 2.6475 4.9765 6.04147 600 0 2405 7 14 4.66821e-05 -2.79798e-05 0 0 0.999985 -0.00541622 0 0
529.531 793.504 2.6475 4.9765 6.04147 600 0 2367 7 14 3.22431e-05 -2.34283e-05 0 0 0.999894 0.0145462 0 0
520.237 795.117 2.6475 4.9765 6.04147 600 0 2329 7 14 6.4548e-05 -4.34027e-05 0 0 0.993878 0.110486 0 0
510.856 796.101 2.6475 4.9765 6.04147 600 0 2291 7 14 1.70443e-05 6.64368e-05 0 0 0.988698 0.149923 0 0
501.72 798.44 2.6475 4.9765 6.04147 600 0 2253 7 15 0.000126818 -1.38202e-06 0 0 0.986758 0.162197 0 0
492.333 797.577 2.6475 4.9765 6.04147 600 0 2688 7 13 -2.86257e-05 -6.15934e-05 0 0 0.995601 0.0936969 0 0
496.27 806.131 2.6475 4.9765 6.04147 600 0 2726 7 13 0.000131635 2.61294e-05 0 0 0.897947 0.440103 0 0
505.647 807.008 2.6475 4.9765 6.04147 600 0 2764 7 13 4.36352e-05 -0.000158388 0 0 0.915447 0.402438 0 0
512.008 813.962 2.6475 4.9765 6.04147 600 0 2802 7 13 5.04438e-05 -2.3173e-06 0 0 0.949358 0.314197 0 0
520.23 818.566 2.6475 4.9765 6.04147 600 0 2840 7 13 -2.52446e-05 -2.66647e-05 0 0 0.952733 0.303809 0 0
528.954 822.127 2.6475 4.9765 6.04147 600 0 2878 7 13 -4.2282e-06 4.80145e-06 0 0 0.982797 0.184687 0 0
537.411 826.283 2.6475 4.9765 6.04147 600 0 2916 7 13 -4.77706e-06 -4.62283e-05 0 0 0.985798 0.167933 0 0
546.782 825.302 2.6475 4.9765 6.04147 600 0 2954 7 13 4.30459e-05 0.000354484 0 0 0.997403 0.0720232 0 0
549.795 834.237 2.6475 4.9765 6.04147 600 0 2992 9 13 0.000676779 0.000140537 0 0 0.978761 0.205006 0 0
555.082 842.067 2.6475 4.9765 6.04147 600 0 350 8 10 0.000515601 0.000249228 0 0 0.978761 0.205006 0 0
545.919 844.396 2.6475 4.9765 6.04147 600 0 2992 9 14 0.000466005 5.97186e-05 0 0 0.953253 0.302174 0 0
536.494 843.895 2.6475 4.9765 6.04147 600 0 2954 7 14 0.000479586 -0.000225493 0 0 0.854691 0.519137 0 0
530.269 836.813 2.6475 4.9765 6.04147 600 0 2916 7 14 -1.20786e-05 0.000203489 0 0 0.884861 0.465855 0 0
521.114 834.566 2.6475 4.9765 6.04147 600 0 2878 7 14 4.67585e-05 -4.45741e-05 0 0 0.827102 0.562052 0 0
512.788 830.147 2.6475 4.9765 6.04147 600 0 2840 7 14 1.64664e-05 8.70292e-06 0 0 0.822919 0.568159 0 0
504.463 825.727 2.6475 4.9765 6.04147 600 0 2802 7 14 1.76426e-05 3.12089e-06 0 0 0.848996 0.528399 0 0
496.273 821.062 2.6475 4.9765 6.04147 600 0 2764 7 14 1.39953e-05 6.59304e-06 0 0 0.771724 0.635957 0 0
488.116 816.341 2.6475 4.9765 6.04147 600 0 2726 7 14 1.15536e-05 8.29507e-06 0 0 0.791633 0.610997 0 0
479.918 811.692 2.6475 4.9765 6.04147 600 0 2726 7 14 9.47299e-06 9.61302e-06 0 0 0.858868 0.512196 0 0
471.603 807.254 2.6475 4.9765 6.04147 600 0 2650 7 14 8.09967e-06 1.01109e-05 0 0 0.863228 0.504815 0 0
463.124 803.142 2.6475 4.9765 6.04147 600 0 2101 7 15 7.3155e-06 9.65846e-06 0 0 0.975667 0.219257 0 0
454.468 799.417 2.6475 4.9765 6.04147 600 0 2063 7 14 7.06906e-06 8.37515e-06 0 0 0.985541 0.169435 0 0
445.656 796.076 2.6475 4.9765 6.04147 600 0 2025 7 14 7.01758e-06 6.5754e-06 0 0 0.968083 0.25063 0 0
436.732 793.05 2.6475 4.9765 6.04147 600 0 1987 7 14 7.06958e-06 4.75891e-06 0 0 0.984082 0.177714 0 0
427.739 790.235 2.6475 4.9765 6.04147 600 0 1949 7 14 6.98225e-06 3.32771e-06 0 0 0.946894 0.321546 0 0
418.712 787.533 2.6475 4.9765 6.04147 600 0 1911 7 14 6.90386e-06 2.27846e-06 0 0 0.970015 0.243045 0 0
409.678 784.854 2.6475 4.9765 6.04147 600 0 1873 7 14 6.70183e-06 1.64924e-06 0 0 0.908716 0.417416 0 0
400.656 782.135 2.6475 4.9765 6.04147 600 0 1835 7 14 6.52094e-06 1.36988e-06 0 0 0.939175 0.343438 0 0
391.658 779.339 2.6475 4.9765 6.04147 600 0 1797 7 14 6.2586e-06 1.31544e-06 0 0 0.948444 0.316943 0 0
382.689 776.453 2.6475 4.9765 6.04147 600 0 1759 7 14 6.05514e-06 1.42115e-06 0 0 0.906862 0.421428 0 0
373.747 773.483 2.6475 4.9765 6.04147 600 0 1721 7 14 5.80466e-06 1.57785e-06 0 0 0.94427 0.329171 0 0
364.826 770.451 2.6475 4.9765 6.04147 600 0 1683 7 14 5.63789e-06 1.78564e-06 0 0 0.939396 0.342833 0 0
355.915 767.393 2.6475 4.9765 6.04147 600 0 1645 7 14 5.43858e-06 1.95345e-06 0 0 0.965207 0.261488 0 0
346.996 764.355 2.6475 4.9765 6.04147 600 0 1607 7 14 5.34232e-06 2.12832e-06 0 0 0.971434 0.237308 0 0
338.049 761.403 2.6475 4.9765 6.04147 600 0 1569 7 14 5.20524e-06 2.21372e-06 0 0 0.980614 0.195947 0 0
329.047 758.623 2.6475 4.9765 6.04147 600 0 1531 7 14 5.1981e-06 2.29704e-06 0 0 0.837902 0.54582 0 0
319.954 756.156 2.6475 4.9765 6.04147 600 0 1493 7 14 5.08646e-06 2.32412e-06 0 0 0.887458 0.460888 0 0
310.716 754.306 2.6475 4.9765 6.04147 600 0 1455 7 14 5.35131e-06 1.4181e-06 0 0 0.909568 0.415555 0 0
301.409 752.846 2.6475 4.9765 6.04147 600 0 1417 7 15 4.20063e-06 7.86092e-06 0 0 0.813857 0.581065 0 0
292.443 749.954 2.6475 4.9765 6.04147 600 0 1759 7 13 1.28377e-06 1.73101e-05 0 0 0.636012 0.771679 0 0
294.422 759.165 2.6475 4.9765 6.04147 600 0 1797 7 13 1.0947e-05 1.51763e-05 0 0 0.734229 0.678902 0 0
296.417 768.374 2.6475 4.9765 6.04147 600 0 1835 7 13 1.49034e-05 1.45122e-05 0 0 0.602571 0.798065 0 0
300.183 777.011 2.6475 4.9765 6.04147 600 0 1873 7 13 1.48742e-05 1.46039e-05 0 0 0.699364 0.714766 0 0
304.791 785.23 2.6475 4.9765 6.04147 600 0 1911 7 13 1.46021e-05 1.49838e-05 0 0 0.684553 0.728963 0 0
309.844 793.184 2.6475 4.9765 6.04147 600 0 1949 7 13 1.31944e-05 1.61355e-05 0 0 0.744929 0.667144 0 0
315.062 801.031 2.6475 4.9765 6.04147 600 0 1987 7 13 1.27576e-05 1.67145e-05 0 0 0.772338 0.635211 0 0
320.356 808.828 2.6475 4.9765 6.04147 600 0 2025 7 13 1.26966e-05 1.7183e-05 0 0 0.662842 0.748759 0 0
325.691 816.597 2.6475 4.9765 6.04147 600 0 2063 7 13 1.33889e-05 1.70589e-05 0 0 0.72987 0.683586 0 0
331.085 824.326 2.6475 4.9765 6.04147 600 0 2101 7 13 1.46534e-05 1.67801e-05 0 0 0.777809 0.628501 0 0
336.57 831.991 2.6475 4.9765 6.04147 600 0 2139 7 13 1.63481e-05 1.59738e-05 0 0 0.796631 0.604465 0 0
342.189 839.56 2.6475 4.9765 6.04147 600 0 2177 7 13 1.81634e-05 1.54454e-05 0 0 0.850793 0.525501 0 0
347.969 847.007 2.6475 4.9765 6.04147 600 0 2215 7 13 1.9935e-05 1.45065e-05 0 0 0.818554 0.57443 0 0
353.933 854.308 2.6475 4.9765 6.04147 600 0 2253 7 13 2.21723e-05 1.3796e-05 0 0 0.863648 0.504096 0 0
360.101 861.439 2.6475 4.9765 6.04147 600 0 2291 7 13 2.45159e-05 1.21703e-05 0 0 0.868505 0.49568 0 0
366.497 868.365 2.6475 4.9765 6.04147 600 0 2329 7 13 2.80771e-05 1.04602e-05 0 0 0.921378 0.388667 0 0
373.156 875.042 2.6475 4.9765 6.04147 600 0 2367 7 13 3.19608e-05 6.80479e-06 0 0 0.896328 0.443392 0 0
380.121 881.399 2.6475 4.9765 6.04147 600 0 2405 7 13 3.76166e-05 3.02306e-06 0 0 0.94745 0.319905 0 0
387.433 887.354 2.6475 4.9765 6.04147 600 0 2443 7 13 3.10149e-05 1.07868e-05 0 0 0.90216 0.431402 0 0
396.806 888.353 2.6475 4.9765 6.04147 600 0 2519 7 13 3.28563e-05 6.22257e-06 0 0 0.942615 0.333882 0 0
391.268 895.966 2.6475 4.9765 6.04147 600 0 2519 7 13 3.79272e-05 9.28963e-06 0 0 0.955376 0.295393 0 0
400.643 896.964 2.6475 4.9765 6.04147 600 0 2557 7 13 3.84337e-05 3.56816e-06 0 0 0.901295 0.433207 0 0
408.623 901.996 2.6475 4.9765 6.04147 600 0 2595 7 13 4.66094e-05 -5.55324e-06 0 0 0.966295 0.257437 0 0
416.85 906.614 2.6475 4.9765 6.04147 600 0 2633 7 13 4.78932e-05 -6.6138e-06 0 0 0.983865 0.17891 0 0
425.287 910.838 2.6475 4.9765 6.04147 600 0 2671 7 13 4.91412e-05 -5.30393e-06 0 0 0.990088 0.140448 0 0
433.889 914.719 2.6475 4.9765 6.04147 600 0 2709 7 13 4.83382e-05 -9.46793e-07 0 0 0.997518 0.0704173 0 0
442.602 918.344 2.6475 4.9765 6.04147 600 0 2747 7 13 4.83988e-05 3.01981e-06 0 0 0.991763 0.128088 0 0
451.391 921.786 2.6475 4.9765 6.04147 600 0 2785 7 13 5.26612e-05 -4.29441e-06 0 0 0.994183 0.107709 0 0
460.277 924.972 2.6475 4.9765 6.04147 600 0 2823 7 13 5.73201e-05 -1.27651e-05 0 0 0.999989 -0.00478102 0 0
469.276 927.827 2.6475 4.9765 6.04147 600 0 2861 7 13 5.33125e-05 4.46805e-06 0 0 0.994429 0.105406 0 0
478.313 930.564 2.6475 4.9765 6.04147 600 0 2899 7 13 5.50354e-05 3.79373e-06 0 0 0.998505 0.0546623 0 0
487.385 933.187 2.6475 4.9765 6.04147 600 0 2937 7 13 -2.28863e-05 0.00027828 0 0 0.998182 -0.0602705 0 0
495.461 938.088 2.6475 4.9765 6.04147 600 0 2975 9 13 0.000124874 3.66818e-05 0 0 0.99915 0.0412331 0 0
500.746 945.928 2.6475 4.9765 6.04147 600 0 1279 8 10 0.000104191 5.09201e-05 0 0 0.976623 0.214959 0 0
491.571 948.229 2.6475 4.9765 6.04147 600 0 2975 9 14 9.68946e-05 2.38428e-05 0 0 0.976623 0.214959 0 0
482.243 946.716 2.6475 4.9765 6.04147 600 0 2937 7 14 0.000127384 -0.00016995 0 0 0.910432 0.413658 0 0
473.303 943.659 2.6475 4.9765 6.04147 600 0 2899 7 14 5.13136e-05 4.83483e-05 0 0 0.921618 0.388098 0 0
464.285 940.849 2.6475 4.9765 6.04147 600 0 2861 7 14 6.25666e-05 7.44279e-06 0 0 0.944399 0.328802 0 0
455.301 937.935 2.6475 4.9765 6.04147 600 0 2823 7 14 6.48121e-05 -4.54392e-06 0 0 0.864156 0.503224 0 0
446.398 934.788 2.6475 4.9765 6.04147 600 0 2785 7 14 6.26339e-05 -3.06186e-06 0 0 0.877372 0.479811 0 0
437.585 931.4 2.6475 4.9765 6.04147 600 0 2747 7 14 5.90361e-05 1.68537e-06 0 0 0.892154 0.451731 0 0
428.856 927.803 2.6475 4.9765 6.04147 600 0 2709 7 14 5.6627e-05 3.361e-06 0 0 0.93171 0.363203 0 0
420.219 923.997 2.6475 4.9765 6.04147 600 0 2671 7 14 5.5091e-05 2.76099e-06 0 0 0.820908 0.57106 0 0
411.69 919.954 2.6475 4.9765 6.04147 600 0 2633 7 14 5.36778e-05 2.12885e-06 0 0 0.848413 0.529335 0 0
403.296 915.644 2.6475 4.9765 6.04147 600 0 2595 7 14 5.16047e-05 2.71983e-06 0 0 0.866946 0.498403 0 0
395.054 911.05 2.6475 4.9765 6.04147 600 0 2557 7 14 5.04634e-05 1.74666e-06 0 0 0.711333 0.702855 0 0
387.005 906.128 2.6475 4.9765 6.04147 600 0 2519 7 14 6.9396e-05 -3.2043e-05 0 0 0.716259 0.697834 0 0
379.598 900.286 2.6475 4.9765 6.04147 600 0 2481 7 14 3.99219e-05 3.08635e-06 0 0 0.676046 0.73686 0 0
372.459 894.121 2.6475 4.9765 6.04147 600 0 2443 7 14 3.54893e-05 6.12655e-06 0 0 0.733932 0.679223 0 0
365.568 887.681 2.6475 4.9765 6.04147 600 0 2405 7 14 3.23303e-05 7.60132e-06 0 0 0.677979 0.735082 0 0
358.923 880.988 2.6475 4.9765 6.04147 600 0 2367 7 14 2.86152e-05 9.49559e-06 0 0 0.700281 0.713867 0 0
352.501 874.082 2.6475 4.9765 6.04147 600 0 2329 7 14 2.52678e-05 1.09426e-05 0 0 0.610269 0.792194 0 0
346.276 866.998 2.6475 4.9765 6.04147 600 0 2291 7 14 2.24188e-05 1.18667e-05 0 0 0.642341 0.766419 0 0
340.228 859.764 2.6475 4.9765 6.04147 600 0 2253 7 14 2.00208e-05 1.23891e-05 0 0 0.508853 0.860854 0 0
334.336 852.402 2.6475 4.9765 6.04147 600 0 2215 7 14 1.78659e-05 1.27036e-05 0 0 0.550457 0.834863 0 0
328.583 844.933 2.6475 4.9765 6.04147 600 0 2177 7 14 1.5897e-05 1.28936e-05 0 0 0.570072 0.821595 0 0
322.946 837.375 2.6475 4.9765 6.04147 600 0 2139 7 14 1.40316e-05 1.30211e-05 0 0 0.566721 0.82391 0 0
317.401 829.751 2.6475 4.9765 6.04147 600 0 2101 7 14 1.23059e-05 1.30886e-05 0 0 0.438579 0.898693 0 0
311.921 822.08 2.6475 4.9765 6.04147 600 0 2063 7 14 1.07008e-05 1.31021e-05 0 0 0.508831 0.860866 0 0
306.474 814.386 2.6475 4.9765 6.04147 600 0 2025 7 14 9.23731e-06 1.30756e-05 0 0 0.464142 0.885761 0 0
301.028 806.692 2.6475 4.9765 6.04147 600 0 1987 7 14 7.88003e-06 1.30211e-05 0 0 0.491777 0.870721 0 0
295.543 799.026 2.6475 4.9765 6.04147 600 0 1949 7 14 6.61824e-06 1.29729e-05 0 0 0.354256 0.935149 0 0
289.978 791.418 2.6475 4.9765 6.04147 600 0 1911 7 14 5.42439e-06 1.29355e-05 0 0 0.379726 0.925099 0 0
284.285 783.907 2.6475 4.9765 6.04147 600 0 1873 7 14 4.31145e-06 1.29244e-05 0 0 0.344304 0.938858 0 0
278.41 776.537 2.6475 4.9765 6.04147 600 0 1835 7 14 3.30333e-06 1.29054e-05 0 0 0.43813 0.898912 0 0
272.298 769.363 2.6475 4.9765 6.04147 600 0 1797 7 14 2.45686e-06 1.28479e-05 0 0 0.356278 0.93438 0 0
265.893 762.449 2.6475 4.9765 6.04147 600 0 1759 7 14 1.81588e-06 1.26835e-05 0 0 0.707817 0.706396 0 0
259.149 755.865 2.6475 4.9765 6.04147 600 0 1721 7 14 1.42126e-06 1.23561e-05 0 0 0.765062 0.643957 0 0
252.037 749.682 2.6475 4.9765 6.04147 600 0 1265 7 15 1.26487e-06 1.18079e-05 0 0 0.944434 0.328701 0 0
244.547 743.963 2.6475 4.9765 6.04147 600 0 1227 7 14 1.31131e-06 1.10234e-05 0 0 0.861052 0.508517 0 0
236.695 738.753 2.6475 4.9765 6.04147 600 0 1189 7 14 1.48013e-06 1.00266e-05 0 0 0.894983 0.4461 0 0
228.513 734.077 2.6475 4.9765 6.04147 600 0 1151 7 14 1.69129e-06 8.8932e-06 0 0 0.927694 0.373341 0 0
220.05 729.932 2.6475 4.9765 6.04147 600 0 1113 7 14 1.87023e-06 7.72068e-06 0 0 0.845737 0.5336 0 0
211.356 726.297 2.6475 4.9765 6.04147 600 0 1075 7 14 1.97884e-06 6.60469e-06 0 0 0.888063 0.459722 0 0
202.478 723.138 2.6475 4.9765 6.04147 600 0 1037 7 14 1.99518e-06 5.63321e-06 0 0 0.81537 0.57894 0 0
193.457 720.415 2.6475 4.9765 6.04147 600 0 999 7 14 1.92803e-06 4.84932e-06 0 0 0.870071 0.492926 0 0
184.324 718.097 2.6475 4.9765 6.04147 600 0 961 7 14 1.79627e-06 4.2524e-06 0 0 0.90734 0.420397 0 0
175.103 716.157 2.6475 4.9765 6.04147 600 0 923 7 14 1.62534e-06 3.80541e-06 0 0 0.942222 0.334989 0 0
165.813 714.579 2.6475 4.9765 6.04147 600 0 885 7 14 1.43238e-06 3.46927e-06 0 0 0.951719 0.306972 0 0
156.47 713.349 2.6475 4.9765 6.04147 600 0 847 7 14 1.2304e-06 3.20268e-06 0 0 0.92352 0.383551 0 0
147.09 712.459 2.6475 4.9765 6.04147 600 0 809 7 14 1.02519e-06 2.97635e-06 0 0 0.941636 0.336634 0 0
137.684 711.896 2.6475 4.9765 6.04147 600 0 771 7 14 8.22601e-07 2.71628e-06 0 0 0.970462 0.241254 0 0
128.264 711.643 2.6475 4.9765 6.04147 600 0 733 7 14 6.27411e-07 2.09828e-06 0 0 0.976382 0.216049 0 0
118.842 711.633 2.6475 4.9765 6.04147 600 0 695 7 14 4.21787e-07 6.21334e-07 0 0 0.975724 0.219005 0 0
114.02 703.54 2.6475 4.9765 6.04147 600 0 657 7 14 2.16869e-07 7.40483e-07 0 0 0.999935 0.0113851 0 0
109.42 711.761 2.6475 4.9765 6.04147 0.1 0 0 7 15 2.2038e-07 7.42409e-07 0 0 5.47263e-311 6.9513e-310 0 0
100 712 2.6475 4.9765 6.04147 0.1 0 0 7 7 7.96238e-05 -0.0266756 0 0 -1.49458e-154 5.03337e-311 0 0
100 721 2.6475 4.9765 6.04147 0.1 0 0 7 7 -0 -0 0 0 1.00795e-311 2.68156e+154 0 0
100 730 2.6475 4.9765 6.04147 0.1 0 0 7 7 -0 -0 0 0 9.76598e-309 3.83232e-311 0 0
100 739 2.6475 4.9765 6.04147 0.1 0 0 7 7 -0 -0 0 0 -1.49458e-154 5.7591e-311 0 0
100 748 2.6475 4.9765 6.04147 0.1 0 0 7 7 -0 -0 0 0 2.83008e-309 6.9513e-310 0 0
100 757 2.6475 4.9765 6.04147 0.1 0 0 7 7 -0 -0 0 0 3.24453e-311 4.87635e-311 0 0
100 766 2.6475 4.9765 6.04147 0.1 0 0 7 7 -0 -0 0 0 -2.6868e+154 1.22439e-311 0 0
100 775 2.6475 4.9765 6.04147 0.1 0 0 7 7 -0 -0 0 0 4.15062e-311 4.49439e-311 0 0
100 784 2.6475 4.9765 6.04147 0.1 0 0 7 7 -0 -0 0 0 6.9513e-310 2.68156e+154 0 0
100 793 2.6475 4.9765 6.04147 0.1 0 0 7 7 -0 -0 0 0 -2.6868e+154 4.76176e-311 0 0
100 802 2.6475 4.9765 6.04147 0.1 0 0 7 7 -0 0.0266735 0 0 4.89544e-311 2.68156e+154 0 0
