591.798 455.989 5.295 9.953 12.0829 0.1 0 75 3 1 -1.03121e-09 -7.42745e-10 0 0 10 6.95293e-310 0 0
597.212 416.765 5.295 9.953 12.0829 0.1 0 161 3 1 4.26362e-11 -1.29074e-09 0 0 6.9513e-310 6.9513e-310 0 0
596.555 436.66 5.295 9.953 12.0829 0.1 0 94 3 1 -2.19032e-11 -9.6891e-10 0 0 6.9513e-310 6.9513e-310 0 0
614.609 428.276 5.295 9.953 12.0829 0.1 0 90 3 1 3.11231e-10 -8.03694e-10 0 0 -0.0592936 -0.00602625 0 0
624.345 445.639 5.295 9.953 12.0829 0.1 0 67 3 1 2.26584e-10 -5.03806e-10 0 0 2.68156e+154 2.68156e+154 0 0
611.171 460.561 5.295 9.953 12.0829 0.1 0 52 3 1 -7.10832e-10 -8.33132e-10 0 0 10 6.95293e-310 0 0
639.122 432.302 5.295 9.953 12.0829 0.1 0 75 3 1 5.58161e-10 -5.03751e-10 0 0 6.9513e-310 6.9513e-310 0 0
643.082 452.361 5.295 9.953 12.0829 0.1 0 49 3 1 4.01952e-10 -2.90979e-10 0 0 10 6.95293e-310 0 0
661.112 428.823 5.295 9.953 12.0829 0.1 0 90 3 1 -2.283e-10 -1.60049e-10 0 0 6.9513e-310 6.9513e-310 0 0
677.411 440.249 5.295 9.953 12.0829 0.1 0 77 3 1 7.3169e-10 -1.26862e-09 0 0 2.68156e+154 2.68156e+154 0 0
662.941 453.918 5.295 9.953 12.0829 0.1 0 51 3 1 2.74738e-10 -1.16045e-09 0 0 10 6.95293e-310 0 0
697.313 440.64 5.295 9.953 12.0829 0.1 0 110 3 1 9.88527e-10 1.93963e-11 0 0 6.9513e-310 6.9513e-310 0 0
685.204 458.968 5.295 9.953 12.0829 0.1 0 64 3 1 1.42358e-11 -1.47004e-11 0 0 10 6.95293e-310 0 0
587.932 475.515 5.295 9.953 12.0829 0.1 0 65 3 1 -1.80696e-09 -3.84614e-10 0 0 10 6.95293e-310 0 0
607.306 480.088 5.295 9.953 12.0829 0.1 0 44 3 1 -1.36133e-09 -5.50355e-10 0 0 10 6.95293e-310 0 0
651.664 470.321 5.295 9.953 12.0829 0.1 0 36 3 1 7.57879e-10 -2.20189e-10 0 0 6.9513e-310 6.9513e-310 0 0
629.643 467.98 5.295 9.953 12.0829 0.1 0 38 3 1 -8.3066e-11 -1.6092e-09 0 0 10 6.95293e-310 0 0
671.356 473.268 5.295 9.953 12.0829 0.1 0 41 3 1 -1.42358e-11 1.47004e-11 0 0 10 6.95293e-310 0 0
704.067 465.382 5.295 9.953 12.0829 0.1 0 82 3 1 5.14839e-10 -1.13141e-09 0 0 6.9513e-310 6.9513e-310 0 0
695.823 483.5 5.295 9.953 12.0829 0.1 0 65 3 1 1.17598e-09 -4.80997e-10 0 0 10 6.95293e-310 0 0
583.536 494.929 5.295 9.953 12.0829 0.1 0 66 3 2 -9.1536e-10 3.28449e-10 0 0 10 6.95293e-310 0 0
602.391 501.31 5.295 9.953 12.0829 0.1 0 43 3 1 -1.08969e-09 2.37039e-09 0 0 6.9513e-310 6.9513e-310 0 0
621.079 494.458 5.295 9.953 12.0829 0.1 0 34 3 1 -1.27885e-09 1.70689e-10 0 0 10 6.95293e-310 0 0
638.905 485.6 5.295 9.953 12.0829 0.1 1 1620 0 0 -7.59108e-10 -7.67869e-10 0 0 2.68156e+154 6.9513e-310 0 0
645.306 504.557 5.295 9.953 12.0829 0.1 1 648 0 0 3.05999e-10 -7.74737e-10 0 0 10 6.95293e-310 0 0
658.515 489.011 5.295 9.953 12.0829 0.1 1 941 0 0 -1.20194e-10 3.0276e-10 0 0 1.29075e-231 6.9513e-310 0 0
664.933 507.881 5.295 9.953 12.0829 0.1 1 1140 0 0 3.48005e-10 -6.57451e-10 0 0 10 6.95293e-310 0 0
678.101 492.564 5.295 9.953 12.0829 0.1 0 43 3 1 7.86014e-10 -5.87462e-11 0 0 3.09872e-303 8.48798e-314 0 0
715.727 483.301 5.295 9.953 12.0829 0.1 0 91 3 1 1.52523e-09 -4.01473e-10 0 0 2.68156e+154 2.68156e+154 0 0
713.956 503.128 5.295 9.953 12.0829 0.1 0 98 3 1 1.7143e-09 -2.0607e-10 0 0 6.9513e-310 6.9513e-310 0 0
720.416 521.956 5.295 9.953 12.0829 0.1 0 105 3 1 4.15212e-10 4.52103e-10 0 0 10 6.95293e-310 0 0
550.272 516.801 5.295 9.953 12.0829 0.1 0 157 3 1 -1.55044e-09 1.00112e-09 0 0 6.9513e-310 6.9513e-310 0 0
566.995 506.003 5.295 9.953 12.0829 0.1 0 91 3 1 -1.72012e-09 2.47173e-11 0 0 2.68156e+154 2.68156e+154 0 0
581.359 519.784 5.295 9.953 12.0829 0.1 0 79 3 1 -1.45654e-09 1.59604e-10 0 0 2.68156e+154 2.68156e+154 0 0
601.031 522.827 5.295 9.953 12.0829 0.1 0 51 3 1 -1.31349e-09 1.98255e-09 0 0 6.9513e-310 6.9513e-310 0 0
583.94 539.522 5.295 9.953 12.0829 0.1 0 73 3 1 -2.52243e-10 1.28863e-10 0 0 10 6.95293e-310 0 0
618.996 514.254 5.295 9.953 12.0829 0.1 0 40 3 1 -1.2315e-09 8.58524e-10 0 0 2.68156e+154 2.68156e+154 0 0
620.551 534.099 5.295 9.953 12.0829 0.1 0 46 3 1 5.16564e-10 1.04501e-09 0 0 10 6.95293e-310 0 0
637.038 522.664 5.295 9.953 12.0829 0.1 1 1393 0 0 9.97909e-11 -5.80415e-10 0 0 6.9513e-310 2.68156e+154 0 0
643.955 541.329 5.295 9.953 12.0829 0.1 0 42 3 1 3.13831e-10 -1.35056e-10 0 0 10 6.95293e-310 0 0
656.664 525.988 5.295 9.953 12.0829 0.1 1 1828 0 0 5.15989e-10 -3.12779e-10 0 0 10 6.95293e-310 0 0
694.092 504.418 5.295 9.953 12.0829 0.1 0 54 3 1 1.35075e-09 2.87842e-10 0 0 2.68156e+154 2.68156e+154 0 0
680.643 520.736 5.295 9.953 12.0829 0.1 0 52 3 1 -0 -0 0 0 6.9513e-310 6.9513e-310 0 0
700.552 523.246 5.295 9.953 12.0829 0.1 0 68 3 1 3.18111e-10 1.18151e-09 0 0 10 6.95293e-310 0 0
603.32 544.066 5.295 9.953 12.0829 0.1 0 64 3 1 -1.38247e-10 3.05617e-10 0 0 6.9513e-310 6.9513e-310 0 0
591.335 561.678 5.295 9.953 12.0829 0.1 0 91 3 1 -5.12245e-10 8.16449e-11 0 0 6.9513e-310 6.9513e-310 0 0
572.342 555.719 5.295 9.953 12.0829 0.1 0 121 3 1 -6.71807e-10 -2.10797e-10 0 0 10 6.95293e-310 0 0
611.123 563.837 5.295 9.953 12.0829 0.1 0 76 3 1 -2.36838e-10 4.32737e-10 0 0 -0.0592936 -0.00602625 0 0
608.825 583.609 5.295 9.953 12.0829 0.1 0 122 3 1 -8.02794e-11 6.90813e-10 0 0 10 6.95293e-310 0 0
627.718 552.844 5.295 9.953 12.0829 0.1 0 56 3 1 -1.16381e-11 7.84823e-11 0 0 2.68156e+154 2.68156e+154 0 0
671.989 538.691 5.295 9.953 12.0829 0.1 0 48 3 1 4.73585e-10 4.00962e-10 0 0 2.68156e+154 2.68156e+154 0 0
659.29 554.02 5.295 9.953 12.0829 0.1 0 57 3 1 4.71481e-10 4.36651e-10 0 0 6.9513e-310 2.68156e+154 0 0
656.002 576.79 5.295 9.953 12.0829 0.1 0 89 3 1 -0 -0 0 0 2.68156e+154 2.68156e+154 0 0
692.635 580.356 5.295 9.953 12.0829 0.1 0 126 3 1 7.25452e-11 -2.32121e-11 0 0 8.34403e-309 -1 0 0
673.676 586.422 5.295 9.953 12.0829 0.1 0 110 3 1 3.4198e-10 1.07818e-09 0 0 6.9513e-310 6.9513e-310 0 0
663.93 603.779 5.295 9.953 12.0829 0.1 0 171 3 1 -5.22857e-10 9.31109e-10 0 0 10 6.95293e-310 0 0
705.382 542.557 5.295 9.953 12.0829 0.1 0 90 3 1 1.77153e-09 1.22505e-09 0 0 0 0 0 0
687.459 551.217 5.295 9.953 12.0829 0.1 0 74 3 1 9.70125e-10 3.57221e-10 0 0 6.9513e-310 6.9513e-310 0 0
674.76 566.546 5.295 9.953 12.0829 0.1 0 78 3 1 8.09782e-10 7.00261e-10 0 0 10 6.95293e-310 0 0
80 235 2.6475 4.9765 6.04147 0.1 0 0 7 7 -0 -0.0266735 0 0 9.73472e-309 2.21006e-314 0 0
80 244 2.6475 4.9765 6.04147 0.1 0 0 7 7 -0 -0 0 0 1.5724e-311 3.62225e-311 0 0
80 253 2.6475 4.9765 6.04147 0.1 0 0 7 7 -0 -0 0 0 2.00391 6.9513e-310 0 0
80 262 2.6475 4.9765 6.04147 0.1 0 0 7 7 -0 -0 0 0 2.68156e+154 4.67051e-311 0 0
80 271 2.6475 4.9765 6.04147 0.1 0 0 7 7 -0 -0 0 0 2.32036e+77 5.34743e-311 0 0
80 280 2.6475 4.9765 6.04147 0.1 0 0 7 7 -0 -0 0 0 2.68156e+154 6.95293e-310 0 0
80 289 2.6475 4.9765 6.04147 0.1 0 0 7 7 -0 -0 0 0 1.49458e-154 5.73151e-311 0 0
80 298 2.6475 4.9765 6.04147 0.1 0 0 7 7 -0 -0 0 0 2.44666e-311 3.63073e-311 0 0
80 307 2.6475 4.9765 6.04147 0.1 0 0 7 7 -0 -0 0 0 -3.1111e+231 5.65724e-311 0 0
80 316 2.6475 4.9765 6.04147 0.1 0 0 7 7 -0 -0 0 0 8.38891e-309 4.47317e-311 0 0
80 325 2.6475 4.9765 6.04147 0.1 0 0 7 7 -0 -0 0 0 1.33686e-311 4.48166e-311 0 0
80 334 2.6475 4.9765 6.04147 0.1 0 0 7 7 -0 -0 0 0 6.95123e-310 2.68156e+154 0 0
80 343 2.6475 4.9765 6.04147 0.1 0 0 7 7 -0 -0 0 0 8.34405e-309 1.73061e-77 0 0
80 352 2.6475 4.9765 6.04147 0.1 0 0 7 7 -0 -0 0 0 -1.49458e-154 3.33578e-311 0 0
80 361 2.6475 4.9765 6.04147 0.1 0 0 7 7 -0 -0 0 0 4.49014e-311 2.68156e+154 0 0
80 370 2.6475 4.9765 6.04147 0.1 0 0 7 7 -0 -0 0 0 4.72828e-308 3.39519e-312 0 0
80 379 2.6475 4.9765 6.04147 0.1 0 0 7 7 -0 -0 0 0 3.35488e-311 4.16972e-311 0 0
80 388 2.6475 4.9765 6.04147 0.1 0 0 7 7 -0 -0 0 0 6.95123e-310 6.9513e-310 0 0
80 397 2.6475 4.9765 6.04147 0.1 0 0 7 7 -0 -0 0 0 6.9513e-310 2.68156e+154 0 0
80 406 2.6475 4.9765 6.04147 0.1 0 0 7 7 -0 -0 0 0 2.68156e+154 6.9513e-310 0 0
80 415 2.6475 4.9765 6.04147 0.1 0 0 7 7 -0 -0 0 0 2.68156e+154 5.45565e-311 0 0
80 424 2.6475 4.9765 6.04147 0.1 0 0 7 7 -0 -0 0 0 0 1.49458e-154 0 0
80 433 2.6475 4.9765 6.04147 0.1 0 0 7 7 -0 -0 0 0 2.68156e+154 5.63602e-311 0 0
80 442 2.6475 4.9765 6.04147 0.1 0 0 7 7 -0 -0 0 0 4.1676e-311 4.49863e-311 0 0
80 451 2.6475 4.9765 6.04147 0.1 0 0 7 7 -0 -0 0 0 6.95123e-310 6.9513e-310 0 0
80 460 2.6475 4.9765 6.04147 0.1 0 0 7 7 -0 -0 0 0 4.17204e-309 2.05621e-311 0 0
80 469 2.6475 4.9765 6.04147 0.1 0 0 7 7 -0 -0 0 0 2.21006e-314 1.49458e-154 0 0
80 478 2.6475 4.9765 6.04147 0.1 0 0 7 7 -0 -0 0 0 4.53895e-311 2.68156e+154 0 0
80 487 2.6475 4.9765 6.04147 0.1 0 0 7 7 -0 -0 0 0 1.25615e-308 1.79309e-311 0 0
80 496 2.6475 4.9765 6.04147 0.1 0 0 7 7 -0 -0 0 0 1.78672e-311 3.32305e-311 0 0
80 505 2.6475 4.9765 6.04147 0.1 0 0 7 7 -0 -0 0 0 2.60581e-311 4.14001e-311 0 0
80 514 2.6475 4.9765 6.04147 0.1 0 0 7 7 -0 -0 0 0 2.68156e+154 -1.73061e-77 0 0
80 523 2.6475 4.9765 6.04147 0.1 0 0 7 7 -0 -0 0 0 3.89388e-308 2.56761e-312 0 0
80 532 2.6475 4.9765 6.04147 0.1 0 0 7 7 -0 -0 0 0 9.7347e-309 1.91828e-311 0 0
80 541 2.6475 4.9765 6.04147 0.1 0 0 7 7 -0 -0 0 0 2.68156e+154 1.73061e-77 0 0
80 550 2.6475 4.9765 6.04147 0.1 0 0 7 7 -0 -0 0 0 6.96583e-309 1.24773e-311 0 0
80 559 2.6475 4.9765 6.04147 0.1 0 0 7 7 -0 -0 0 0 1.51305e-306 4.26521e-312 0 0
80 568 2.6475 4.9765 6.04147 0.1 0 0 7 7 -0 -0 0 0 3.00687e-311 2.6868e+154 0 0
80 577 2.6475 4.9765 6.04147 0.1 0 0 7 7 -0 -0 0 0 2.54639e-312 2.68156e+154 0 0
80 586 2.6475 4.9765 6.04147 0.1 0 0 7 7 -0 -0 0 0 2.81793e-309 0 0 0
80 595 2.6475 4.9765 6.04147 0.1 0 0 7 7 -0 -0 0 0 2.81793e-309 0 0 0
80 604 2.6475 4.9765 6.04147 0.1 0 0 7 7 -0 -0 0 0 6.9513e-310 -4.34456e-311 0 0
80 613 2.6475 4.9765 6.04147 0.1 0 0 7 7 -0 -0 0 0 4.58351e-311 2.68156e+154 0 0
80 622 2.6475 4.9765 6.04147 0.1 0 0 7 7 -0 -0 0 0 2.6868e+154 6.95293e-310 0 0
80 631 2.6475 4.9765 6.04147 0.1 0 0 7 7 -0 -0 0 0 2.68156e+154 -2.6868e+154 0 0
80 640 2.6475 4.9765 6.04147 0.1 0 0 7 7 -0 -0 0 0 8.34403e-309 1.39203e-311 0 0
80 649 2.6475 4.9765 6.04147 0.1 0 0 7 7 -0 -0 0 0 2.68857e-311 2.69281e-311 0 0
80 658 2.6475 4.9765 6.04147 0.1 0 0 7 7 -0 -0 0 0 6.95123e-310 6.9513e-310 0 0
80 667 2.6475 4.9765 6.04147 0.1 0 0 7 7 -0 -0 0 0 8.46918e-307 3.35275e-312 0 0
80 676 2.6475 4.9765 6.04147 0.1 0 0 7 7 -0 -0 0 0 2.32036e+77 6.95293e-310 0 0
80 685 2.6475 4.9765 6.04147 0.1 0 0 7 7 -0 -0 0 0 4.60685e-311 2.68156e+154 0 0
80 694 2.6475 4.9765 6.04147 0.1 0 0 7 7 -0 -0 0 0 4.6111e-311 5.54478e-311 0 0
80 703 2.6475 4.9765 6.04147 0.1 0 0 7 7 -0 -0 0 0 4.62171e-311 2.68156e+154 0 0
80 712 2.6475 4.9765 6.04147 0.1 0 0 7 7 -0 -0 0 0 4.62383e-311 2.68156e+154 0 0
80 721 2.6475 4.9765 6.04147 0.1 0 0 7 7 -0 -0 0 0 4.41019e-311 -1.49458e-154 0 0
80 730 2.6475 4.9765 6.04147 0.1 0 0 7 7 -0 -0 0 0 3.3188e-311 4.62383e-311 0 0
80 739 2.6475 4.9765 6.04147 0.1 0 0 7 7 -0 -0 0 0 6.98826e-309 3.84293e-311 0 0
80 748 2.6475 4.9765 6.04147 0.1 0 0 7 7 -0 -0 0 0 -3.1111e+231 5.19465e-311 0 0
80 757 2.6475 4.9765 6.04147 0.1 0 0 7 7 -0 -0 0 0 5.57137e-308 2.51032e-311 0 0
80 766 2.6475 4.9765 6.04147 0.1 0 0 7 7 -0 -0 0 0 -2.32036e+77 4.50288e-311 0 0
80 775 2.6475 4.9765 6.04147 0.1 0 0 7 7 -0 0.0266735 0 0 6.9513e-310 2.00391 0 0
100 208 2.6475 4.9765 6.04147 0.1 0 0 7 7 -0 -0.0266735 0 0 4.43497e-311 4.65141e-311 0 0
100 217 2.6475 4.9765 6.04147 0.1 0 0 7 7 -0 -0 0 0 6.95123e-310 6.9513e-310 0 0
100 226 2.6475 4.9765 6.04147 0.1 0 0 7 7 -0 -0 0 0 2.09035e-308 2.05409e-311 0 0
100 235 2.6475 4.9765 6.04147 0.1 0 0 7 7 -0 -0 0 0 2.68156e+154 6.9513e-310 0 0
100 244 2.6475 4.9765 6.04147 0.1 0 0 7 7 -0 -0 0 0 3.40156e-311 4.46892e-311 0 0
100 253 2.6475 4.9765 6.04147 0.1 0 0 7 7 -0 -0 0 0 3.83657e-311 4.59836e-311 0 0
100 262 2.6475 4.9765 6.04147 0.1 0 0 7 7 -0 -0 0 0 2.81846e-309 0 0 0
100 271 2.6475 4.9765 6.04147 0.1 0 0 7 7 -0 -0 0 0 2.68156e+154 6.9513e-310 0 0
100 280 2.6475 4.9765 6.04147 0.1 0 0 7 7 -0 -0 0 0 3.01111e-311 4.67688e-311 0 0
100 289 2.6475 4.9765 6.04147 0.1 0 0 7 7 -0 -0 0 0 2.68156e+154 6.95293e-310 0 0
100 298 2.6475 4.9765 6.04147 0.1 0 0 7 7 0.000144199 0.0267057 0 0 -1.49458e-154 4.69598e-311 0 0
109.198 300.054 2.6475 4.9765 6.04147 0.1 0 0 7 15 7.88448e-06 -4.38248e-06 0 0 4.6981e-311 -1.29075e-231 0 0
118.469 301.75 2.6475 4.9765 6.04147 600 0 678 7 13 1.58409e-05 -1.1136e-05 0 0 0.998867 -0.0475976 0 0
127.847 302.682 2.6475 4.9765 6.04147 600 0 716 7 13 2.31145e-05 -2.01494e-05 0 0 0.994742 -0.102416 0 0
137.271 302.511 2.6475 4.9765 6.04147 600 0 754 7 13 2.88877e-05 -3.0299e-05 0 0 0.986631 -0.162972 0 0
146.588 301.081 2.6475 4.9765 6.04147 600 0 792 7 15 3.29823e-05 -3.91737e-05 0 0 0.953488 -0.301431 0 0
155.646 298.469 2.6475 4.9765 6.04147 600 0 1246 7 13 3.58722e-05 -4.58385e-05 0 0 0.766917 -0.641747 0 0
164.366 294.883 2.6475 4.9765 6.04147 600 0 1284 7 13 3.83417e-05 -4.91129e-05 0 0 0.858098 -0.513487 0 0
172.755 290.577 2.6475 4.9765 6.04147 600 0 1322 7 13 4.04462e-05 -4.95517e-05 0 0 0.667045 -0.745018 0 0
180.872 285.775 2.6475 4.9765 6.04147 600 0 1360 7 13 4.1694e-05 -4.77869e-05 0 0 0.597346 -0.801984 0 0
188.788 280.646 2.6475 4.9765 6.04147 600 0 1398 7 13 4.1417e-05 -4.43453e-05 0 0 0.68878 -0.72497 0 0
196.564 275.304 2.6475 4.9765 6.04147 600 0 1436 7 13 3.89934e-05 -3.94859e-05 0 0 0.63239 -0.774651 0 0
204.247 269.828 2.6475 4.9765 6.04147 600 0 1474 7 13 3.4612e-05 -3.25691e-05 0 0 0.595042 -0.803695 0 0
211.876 264.275 2.6475 4.9765 6.04147 600 0 1512 7 13 2.86148e-05 -2.29561e-05 0 0 0.57172 -0.820448 0 0
219.491 258.702 2.6475 4.9765 6.04147 600 0 1550 7 13 2.14379e-05 -1.03269e-05 0 0 0.521046 -0.853529 0 0
227.142 253.176 2.6475 4.9765 6.04147 600 0 1588 7 13 1.24432e-05 4.02105e-06 0 0 0.698638 -0.715476 0 0
234.872 247.762 2.6475 4.9765 6.04147 600 0 1626 7 13 6.31089e-07 1.77363e-05 0 0 0.633047 -0.774113 0 0
242.715 242.513 2.6475 4.9765 6.04147 600 0 1664 7 13 -1.49575e-05 2.81624e-05 0 0 0.665261 -0.746611 0 0
250.672 237.44 2.6475 4.9765 6.04147 600 0 1702 7 13 -3.3694e-05 3.42769e-05 0 0 0.605013 -0.796216 0 0
258.714 232.503 2.6475 4.9765 6.04147 600 0 1740 7 13 -5.32552e-05 3.80327e-05 0 0 0.61915 -0.785273 0 0
266.793 227.633 2.6475 4.9765 6.04147 600 0 1778 7 13 -7.06087e-05 4.26603e-05 0 0 0.602282 -0.798283 0 0
274.872 222.764 2.6475 4.9765 6.04147 600 0 1816 7 13 -8.24199e-05 5.24671e-05 0 0 0.687468 -0.726215 0 0
282.979 217.948 2.6475 4.9765 6.04147 600 0 1854 7 13 -9.75375e-05 5.12191e-05 0 0 0.635345 -0.772228 0 0
290.981 212.964 2.6475 4.9765 6.04147 600 0 1892 7 13 -8.6684e-05 8.58884e-05 0 0 0.738582 -0.674163 0 0
299.708 209.405 2.6475 4.9765 6.04147 600 0 1930 7 13 -0.000120187 1.84391e-05 0 0 0.782496 -0.622655 0 0
304.354 202.453 2.01445 3.78655 4.27197 600 0 1968 11 13 -0.000117412 2.3305e-05 0 0 0.721662 -0.692246 0 0
311.503 203.949 2.01445 3.78655 4.27197 600 0 1968 11 13 -0.000121688 4.11182e-05 0 0 0.787483 -0.616336 0 0
319.812 203.067 2.6475 4.9765 6.04147 600 0 754 8 10 -0.000116236 9.2302e-05 0 0 0.792992 -0.609232 0 0
316.829 210.872 2.01445 3.78655 4.27197 600 0 1968 11 14 -6.19921e-05 0.000112682 0 0 0.935411 -0.353561 0 0
315.685 218.014 2.01445 3.78655 4.59687 600 0 1968 7 14 -0.000100126 0.000105691 0 0 0.934384 -0.356267 0 0
307.613 219.93 2.6475 4.9765 6.04147 600 0 1930 7 14 -9.8295e-05 9.78038e-05 0 0 0.944426 -0.328725 0 0
299.675 225.013 2.6475 4.9765 6.04147 600 0 1892 7 14 -0.00011621 5.44075e-05 0 0 0.95716 -0.289559 0 0
291.498 229.706 2.6475 4.9765 6.04147 600 0 1854 7 14 -8.75874e-05 7.90358e-05 0 0 0.91848 -0.395468 0 0
283.582 234.834 2.6475 4.9765 6.04147 600 0 1816 7 14 -9.52853e-05 3.64611e-05 0 0 0.925283 -0.379278 0 0
275.477 239.663 2.6475 4.9765 6.04147 600 0 1778 7 14 -7.29275e-05 3.43451e-05 0 0 0.897951 -0.440095 0 0
267.313 244.393 2.6475 4.9765 6.04147 600 0 1740 7 14 -5.78104e-05 1.37356e-05 0 0 0.843698 -0.536818 0 0
259.034 248.923 2.6475 4.9765 6.04147 600 0 1702 7 14 -3.91413e-05 -5.42405e-06 0 0 0.893632 -0.448801 0 0
250.614 253.187 2.6475 4.9765 6.04147 600 0 1664 7 14 4.90365e-05 0.000109087 0 0 0.855825 -0.517265 0 0
242.981 258.739 2.6475 4.9765 6.04147 600 0 1626 7 14 2.67654e-05 3.18236e-05 0 0 0.890403 -0.455173 0 0
235.669 264.707 2.6475 4.9765 6.04147 600 0 1588 7 14 1.96146e-05 -2.03947e-05 0 0 0.846965 -0.531649 0 0
228.33 270.641 2.6475 4.9765 6.04147 600 0 1550 7 14 2.25094e-05 -5.80597e-05 0 0 0.875364 -0.483464 0 0
220.724 276.225 2.6475 4.9765 6.04147 600 0 1512 7 14 7.30459e-05 -2.9426e-05 0 0 0.82684 -0.562438 0 0
213.307 282.057 2.6475 4.9765 6.04147 600 0 1474 7 14 5.04163e-05 -9.0427e-05 0 0 0.784952 -0.619556 0 0
205.447 287.271 2.6475 4.9765 6.04147 600 0 1436 7 14 0.000111461 -2.8116e-05 0 0 0.846517 -0.532362 0 0
198.139 293.23 2.6475 4.9765 6.04147 600 0 1398 7 14 7.89977e-05 -8.55096e-05 0 0 0.78108 -0.624431 0 0
190.491 298.742 2.6475 4.9765 6.04147 600 0 1360 7 14 0.000132385 -2.44842e-05 0 0 0.723584 -0.690236 0 0
185.292 306.603 2.6475 4.9765 6.04147 600 0 1322 7 14 4.47881e-05 -8.46672e-05 0 0 0.889421 -0.457089 0 0
176.472 309.916 2.6475 4.9765 6.04147 600 0 1284 7 14 8.63911e-05 2.46224e-05 0 0 0.769823 -0.638257 0 0
183.752 315.898 2.6475 4.9765 6.04147 600 0 944 7 15 0.000154128 -6.63095e-05 0 0 0.924147 -0.382037 0 0
193.167 316.333 2.6475 4.9765 6.04147 600 0 982 7 13 0.000139417 7.16159e-06 0 0 0.983933 -0.17854 0 0
202.585 316.788 2.6475 4.9765 6.04147 600 0 1020 7 13 0.000123778 -3.77066e-05 0 0 0.96771 -0.252066 0 0
212.006 316.346 2.6475 4.9765 6.04147 600 0 1058 7 13 0.000101608 -2.52107e-05 0 0 0.942516 -0.33416 0 0
221.407 315.563 2.6475 4.9765 6.04147 600 0 1096 7 13 7.70721e-05 -1.12211e-05 0 0 0.963029 -0.269399 0 0
230.804 314.709 2.6475 4.9765 6.04147 600 0 1134 7 13 5.09052e-05 -4.12891e-07 0 0 0.942943 -0.332955 0 0
240.208 313.912 2.6475 4.9765 6.04147 600 0 1172 7 13 2.61618e-05 8.39277e-06 0 0 0.960835 -0.27712 0 0
249.622 313.254 2.6475 4.9765 6.04147 600 0 1210 7 13 3.09923e-06 1.4546e-05 0 0 0.927099 -0.374817 0 0
259.049 312.789 2.6475 4.9765 6.04147 600 0 1248 7 13 -1.49353e-05 1.79881e-05 0 0 0.961263 -0.275632 0 0
268.483 312.555 2.6475 4.9765 6.04147 600 0 1286 7 13 -2.964e-05 1.88115e-05 0 0 0.975023 -0.222105 0 0
277.92 312.575 2.6475 4.9765 6.04147 600 0 1324 7 13 -3.74026e-05 1.734e-05 0 0 0.915695 -0.401873 0 0
287.352 312.852 2.6475 4.9765 6.04147 600 0 1362 7 13 -4.25813e-05 1.45496e-05 0 0 0.901663 -0.43244 0 0
296.772 313.381 2.6475 4.9765 6.04147 600 0 1400 7 13 -4.08586e-05 1.15776e-05 0 0 0.97496 -0.22238 0 0
306.175 314.144 2.6475 4.9765 6.04147 600 0 1438 7 13 -3.94146e-05 8.97298e-06 0 0 0.95653 -0.291634 0 0
315.557 315.128 2.6475 4.9765 6.04147 600 0 1476 7 13 -3.24073e-05 7.42317e-06 0 0 0.931972 -0.36253 0 0
324.913 316.321 2.6475 4.9765 6.04147 600 0 1514 7 13 -2.9217e-05 5.62211e-06 0 0 0.987212 -0.159413 0 0
334.243 317.703 2.6475 4.9765 6.04147 600 0 1552 7 13 -2.17457e-05 4.1229e-06 0 0 0.967437 -0.253114 0 0
343.548 319.24 2.6475 4.9765 6.04147 600 0 1590 7 13 -2.11197e-05 1.13515e-06 0 0 0.999845 -0.0176016 0 0
352.835 320.88 2.6475 4.9765 6.04147 600 0 1628 7 13 -1.67121e-05 -1.11719e-06 0 0 0.997584 -0.0694776 0 0
362.114 322.562 2.6475 4.9765 6.04147 600 0 1666 7 13 -2.17193e-05 -4.08632e-06 0 0 0.97555 -0.219779 0 0
371.394 324.24 2.6475 4.9765 6.04147 600 0 1704 7 13 -2.15654e-05 -4.79642e-06 0 0 0.977775 -0.209656 0 0
380.676 325.895 2.6475 4.9765 6.04147 600 0 1742 7 13 -3.31138e-05 -6.43063e-06 0 0 0.998987 0.0450106 0 0
389.961 327.534 2.6475 4.9765 6.04147 600 0 1780 7 13 -3.43684e-05 -5.30414e-06 0 0 0.999578 0.0290383 0 0
399.24 329.198 2.6475 4.9765 6.04147 600 0 1818 7 13 -5.18847e-05 -4.91341e-06 0 0 0.997758 -0.0669237 0 0
408.487 331.033 2.6475 4.9765 6.04147 600 0 1856 7 13 -4.75292e-05 -6.33291e-06 0 0 0.998609 0.0527334 0 0
417.7 333.019 2.6475 4.9765 6.04147 600 0 1894 7 13 -7.39708e-05 8.22491e-06 0 0 0.999432 -0.0337119 0 0
426.326 336.815 2.6475 4.9765 6.04147 600 0 1932 7 13 -3.08079e-05 -4.58644e-05 0 0 0.999084 0.042796 0 0
434.475 336.975 1.9207 3.61033 4.27197 600 0 1970 11 13 -6.48352e-05 1.65865e-05 0 0 0.996462 -0.0840388 0 0
438.279 342.708 1.9207 3.61033 4.27197 600 0 1970 11 13 2.79401e-05 1.73006e-05 0 0 0.9432 0.332225 0 0
444.377 348.116 2.6475 4.9765 6.04147 0.1 0 1322 8 10 -0.000259382 0.000243344 0 0 0.9432 0.332225 0 0
436.707 350.836 1.9207 3.61033 4.27197 600 0 1970 11 14 -0.000264503 2.38874e-05 0 0 0.9432 0.332225 0 0
430.945 354.586 1.9207 3.61033 4.27197 600 0 1970 11 14 -0.000253188 0.0001477 0 0 0.897385 0.441248 0 0
423.318 351.715 2.6475 4.9765 6.04147 600 0 1932 7 14 -0.000118879 -9.15378e-05 0 0 0.822003 0.569484 0 0
415.675 346.201 2.6475 4.9765 6.04147 600 0 1894 7 14 -0.000198958 2.16569e-05 0 0 0.872788 0.488099 0 0
406.481 344.108 2.6475 4.9765 6.04147 600 0 1856 7 14 -0.000176238 5.18616e-05 0 0 0.92042 0.39093 0 0
397.06 343.659 2.6475 4.9765 6.04147 600 0 1818 7 14 -0.00011522 -0.000111574 0 0 0.867565 0.497323 0 0
387.838 341.659 2.6475 4.9765 6.04147 600 0 1780 7 14 -0.000131362 2.16005e-06 0 0 0.908598 0.417671 0 0
378.544 340.018 2.6475 4.9765 6.04147 600 0 1742 7 14 -8.77592e-06 2.64397e-06 0 0 0.839368 0.543564 0 0
369.239 338.426 2.6475 4.9765 6.04147 600 0 1704 7 14 -8.90177e-05 -2.36822e-05 0 0 0.888634 0.458617 0 0
359.951 336.746 2.6475 4.9765 6.04147 600 0 1666 7 14 0.000178842 2.66856e-05 0 0 0.951258 0.308397 0 0
350.675 334.989 2.6475 4.9765 6.04147 600 0 1628 7 14 -0.000171407 -5.08402e-05 0 0 0.965126 0.261786 0 0
341.444 333.042 2.6475 4.9765 6.04147 600 0 1590 7 14 0.000494979 0.000139195 0 0 0.911337 0.411661 0 0
332.063 331.985 2.6475 4.9765 6.04147 600 0 1552 7 14 -0.000475468 -0.000111929 0 0 0.966849 0.255351 0 0
322.794 330.287 2.6475 4.9765 6.04147 600 0 1514 7 14 0.00117268 6.25133e-05 0 0 0.888196 0.459465 0 0
313.657 332.656 2.6475 4.9765 6.04147 600 0 1476 7 15 -0.00114 0.00129174 0 0 0.948048 0.318128 0 0
304.886 336.058 2.6475 4.9765 6.04147 600 0 1819 7 13 0.0014731 0.000411775 0 0 0.88707 0.461635 0 0
312.219 341.955 2.6475 4.9765 6.04147 600 0 1857 7 13 -0.000938222 -0.00191714 0 0 0.785922 0.618325 0 0
318.381 349.124 2.6475 4.9765 6.04147 600 0 1895 7 13 0.00112297 0.0013656 0 0 0.760586 0.649237 0 0
324.31 356.433 2.6475 4.9765 6.04147 600 0 1933 7 13 -0.0014776 -0.0016337 0 0 0.800413 0.599448 0 0
330.212 361.93 1.87207 3.51892 4.27197 600 0 1971 11 13 0.000339436 0.00196507 0 0 0.768692 0.639619 0 0
328.913 368.433 1.87207 3.51892 4.27197 600 0 1971 11 13 0.000177001 -0.00317215 0 0 0.768692 0.639619 0 0
329.359 376.474 2.6475 4.9765 6.04147 600 0 219 8 10 0.000324988 0.00109101 0 0 0.682434 0.730947 0 0
321.888 373.466 1.87207 3.51892 4.27197 600 0 1971 11 14 -0.00029625 -7.35981e-05 0 0 0.657963 0.753051 0 0
315.478 371.631 1.87207 3.51892 4.27197 600 0 1971 11 14 4.62421e-07 -0.000886012 0 0 0.527545 0.849527 0 0
312.547 364.13 2.6475 4.9765 6.04147 600 0 1933 7 14 -0.000336105 0.000315119 0 0 0.579649 0.814866 0 0
305.667 357.647 2.6475 4.9765 6.04147 600 0 1895 7 14 -0.000558433 -0.000724238 0 0 0.610949 0.79167 0 0
299.296 350.668 2.6475 4.9765 6.04147 600 0 1857 7 14 0.000447852 0.000693076 0 0 0.650327 0.759655 0 0
292.096 344.522 2.6475 4.9765 6.04147 600 0 1819 7 14 -0.000955364 -0.000453729 0 0 0.752077 0.659075 0 0
284.185 339.367 2.6475 4.9765 6.04147 600 0 1781 7 14 0.00157625 0.00106794 0 0 0.781486 0.623923 0 0
275.585 335.407 2.6475 4.9765 6.04147 600 0 1324 7 15 -0.0019733 -0.000560632 0 0 0.986961 0.160958 0 0
266.567 332.688 2.6475 4.9765 6.04147 600 0 1286 7 14 0.00336805 0.00086985 0 0 0.997488 0.070829 0 0
257.244 331.024 2.6475 4.9765 6.04147 600 0 1248 7 14 -0.00372513 -0.000435234 0 0 0.977238 0.212145 0 0
247.896 330.198 2.6475 4.9765 6.04147 600 0 1210 7 14 0.00561234 0.000297763 0 0 0.968792 0.247876 0 0
238.418 329.971 2.6475 4.9765 6.04147 600 0 1172 7 14 -0.00612528 -1.87755e-05 0 0 0.988653 0.150217 0 0
229.959 330.1 2.6475 4.9765 6.04147 600 0 1134 7 14 0.0905763 -0.00374095 0 0 0.975864 0.218378 0 0
219.546 330.539 2.6475 4.9765 6.04147 600 0 1096 7 14 -0.0930591 0.00399405 0 0 0.992366 0.12333 0 0
210.237 331.068 2.6475 4.9765 6.04147 600 0 1058 7 14 0.00929697 -0.000535388 0 0 0.984524 0.175251 0 0
200.732 331.644 2.6475 4.9765 6.04147 600 0 1020 7 14 -0.00754292 0.000453596 0 0 0.995852 0.0909913 0 0
191.358 332.203 2.6475 4.9765 6.04147 600 0 982 7 14 0.00444174 -0.000263858 0 0 0.988421 0.151739 0 0
181.881 332.754 2.6475 4.9765 6.04147 600 0 944 7 14 -0.00360618 0.000219958 0 0 0.999537 0.0304275 0 0
172.47 333.334 2.6475 4.9765 6.04147 600 0 906 7 14 0.0026282 -0.000157755 0 0 0.977548 0.210712 0 0
163.016 334.04 2.6475 4.9765 6.04147 600 0 868 7 14 -0.00218179 0.000236375 0 0 0.993052 0.117674 0 0
153.632 335.016 2.6475 4.9765 6.04147 600 0 830 7 14 0.00235004 -0.000237223 0 0 0.990067 0.140596 0 0
144.267 336.427 2.6475 4.9765 6.04147 600 0 792 7 14 -0.00188899 0.00041952 0 0 0.997452 0.0713438 0 0
135.066 338.42 2.6475 4.9765 6.04147 600 0 754 7 14 0.00338887 -0.000837723 0 0 0.997789 0.0664662 0 0
125.991 341.083 2.6475 4.9765 6.04147 600 0 716 7 14 -0.00273898 0.000910134 0 0 0.997735 -0.0672621 0 0
117.187 344.338 2.6475 4.9765 6.04147 600 0 678 7 14 0.0034329 -0.00139465 0 0 0.987566 -0.157202 0 0
108.528 348.071 2.6475 4.9765 6.04147 0.1 0 0 7 15 -0.00149464 0.000628422 0 0 4.21546e-309 1.5151e-311 0 0
100 352 2.6475 4.9765 6.04147 0.1 0 0 7 7 -0.000544993 -0.0264225 0 0 4.71295e-311 2.68156e+154 0 0
100 361 2.6475 4.9765 6.04147 0.1 0 0 7 7 -0 -0 0 0 2.36849e-308 1.51723e-311 0 0
100 370 2.6475 4.9765 6.04147 0.1 0 0 7 7 -0 -0 0 0 2.82851e-309 2.32036e+77 0 0
100 379 2.6475 4.9765 6.04147 0.1 0 0 7 7 -0 -0 0 0 2.68156e+154 6.9513e-310 0 0
100 388 2.6475 4.9765 6.04147 0.1 0 0 7 7 -0 -0 0 0 6.9513e-310 4.34456e-311 0 0
100 397 2.6475 4.9765 6.04147 0.1 0 0 7 7 -0 -0 0 0 2.69918e-311 3.13419e-311 0 0
100 406 2.6475 4.9765 6.04147 0.1 0 0 7 7 -0 -0 0 0 2.22915e-308 2.27054e-311 0 0
100 415 2.6475 4.9765 6.04147 0.1 0 0 7 7 -0 -0 0 0 1.11702e-308 2.04773e-311 0 0
100 424 2.6475 4.9765 6.04147 0.1 0 0 7 7 -0 -0 0 0 4.73842e-311 2.68156e+154 0 0
100 433 2.6475 4.9765 6.04147 0.1 0 0 7 7 -0 -0 0 0 2.68156e+154 -4.34456e-311 0 0
100 442 2.6475 4.9765 6.04147 0.1 0 0 7 7 -0 -0 0 0 4.17201e-309 1.07585e-311 0 0
100 451 2.6475 4.9765 6.04147 0.1 0 0 7 7 -0 -0 0 0 1.70396e-311 -3.1111e+231 0 0
100 460 2.6475 4.9765 6.04147 0.1 0 0 7 7 -0 -0 0 0 4.7469e-311 2.68156e+154 0 0
100 469 2.6475 4.9765 6.04147 0.1 0 0 7 7 -0 -0 0 0 3.10024e-311 4.01269e-311 0 0
100 478 2.6475 4.9765 6.04147 0.1 0 0 7 7 -0 -0 0 0 4.75115e-311 2.68156e+154 0 0
100 487 2.6475 4.9765 6.04147 0.1 0 0 7 7 -0 -0 0 0 2.68156e+154 1.73061e-77 0 0
100 496 2.6475 4.9765 6.04147 0.1 0 0 7 7 -0 -0 0 0 2.82238e-309 0 0 0
100 505 2.6475 4.9765 6.04147 0.1 0 0 7 7 -0 -0 0 0 1.58937e-311 4.50712e-311 0 0
100 514 2.6475 4.9765 6.04147 0.1 0 0 7 7 -0 -0 0 0 2.68156e+154 2.68156e+154 0 0
100 523 2.6475 4.9765 6.04147 0.1 0 0 7 7 -0 -0 0 0 9.47568e-308 8.91238e-312 0 0
100 532 2.6475 4.9765 6.04147 0.1 0 0 7 7 -0 -0 0 0 4.78086e-311 2.68156e+154 0 0
100 541 2.6475 4.9765 6.04147 0.1 0 0 7 7 -0 -0 0 0 2.82918e-309 1.96921e-311 0 0
100 550 2.6475 4.9765 6.04147 0.1 0 0 7 7 -0 -0 0 0 6.95123e-310 6.9513e-310 0 0
100 559 2.6475 4.9765 6.04147 0.1 0 0 7 7 -0 -0 0 0 4.21546e-309 2.43605e-311 0 0
100 568 2.6475 4.9765 6.04147 0.1 0 0 7 7 -0 -0 0 0 -1.29075e-231 6.95293e-310 0 0
100 577 2.6475 4.9765 6.04147 0.1 0 0 7 7 -0 -0 0 0 4.86714e-309 3.05567e-312 0 0
100 586 2.6475 4.9765 6.04147 0.1 0 0 7 7 -0 -0 0 0 2.14746e-311 2.68156e+154 0 0
100 595 2.6475 4.9765 6.04147 0.1 0 0 7 7 -0 -0 0 0 4.37343e-311 2.32036e+77 0 0
100 604 2.6475 4.9765 6.04147 0.1 0 0 7 7 -0 -0 0 0 6.9513e-310 -1.73061e-77 0 0
100 613 2.6475 4.9765 6.04147 0.1 0 0 7 7 -0 -0 0 0 3.77079e-311 4.11243e-311 0 0
100 622 2.6475 4.9765 6.04147 0.1 0 0 7 7 -0 -0 0 0 1.49458e-154 6.95293e-310 0 0
100 631 2.6475 4.9765 6.04147 0.1 0 0 7 7 -0 -0 0 0 -2.6868e+154 5.68058e-311 0 0
100 640 2.6475 4.9765 6.04147 0.1 0 0 7 7 -0 -0 0 0 1.29075e-231 4.37343e-311 0 0
100 649 2.6475 4.9765 6.04147 0.1 0 0 7 7 -0 -0 0 0 6.9513e-310 1.49458e-154 0 0
100 658 2.6475 4.9765 6.04147 0.1 0 0 7 7 0.000562411 0.0268589 0 0 1.29075e-231 4.81693e-311 0 0
108.961 660.953 2.6475 4.9765 6.04147 0.1 0 0 7 15 1.11739e-06 -1.2795e-05 0 0 2.81534e-309 3.39732e-311 0 0
117.982 663.714 2.6475 4.9765 6.04147 600 0 695 7 13 2.24105e-06 -2.64163e-05 0 0 0.990817 0.135206 0 0
127.117 666.073 2.6475 4.9765 6.04147 600 0 695 7 13 2.36054e-06 -3.83021e-05 0 0 0.997481 0.070935 0 0
136.387 667.832 2.6475 4.9765 6.04147 600 0 733 7 13 8.7349e-07 -4.53718e-05 0 0 0.999958 0.00915383 0 0
145.765 668.861 2.6475 4.9765 6.04147 600 0 771 7 15 -1.52892e-06 -4.81153e-05 0 0 0.998212 0.0597684 0 0
155.196 669.099 2.6475 4.9765 6.04147 600 0 1228 7 13 -4.15868e-06 -4.63906e-05 0 0 0.929852 -0.367933 0 0
164.615 668.563 2.6475 4.9765 6.04147 600 0 1266 7 13 -6.3266e-06 -4.097e-05 0 0 0.946005 -0.324153 0 0
173.969 667.337 2.6475 4.9765 6.04147 600 0 1304 7 13 -7.73163e-06 -3.36356e-05 0 0 0.933414 -0.3588 0 0
183.23 665.538 2.6475 4.9765 6.04147 600 0 1342 7 13 -8.42564e-06 -2.5666e-05 0 0 0.787749 -0.615997 0 0
192.394 663.296 2.6475 4.9765 6.04147 600 0 1380 7 13 -8.61947e-06 -1.79038e-05 0 0 0.859571 -0.511016 0 0
201.473 660.733 2.6475 4.9765 6.04147 600 0 1418 7 13 -8.6311e-06 -1.11888e-05 0 0 0.794166 -0.607701 0 0
210.488 657.953 2.6475 4.9765 6.04147 600 0 1456 7 13 -8.55552e-06 -5.47122e-06 0 0 0.860739 -0.509047 0 0
219.462 655.045 2.6475 4.9765 6.04147 600 0 1494 7 13 -8.50935e-06 -9.41033e-07 0 0 0.816163 -0.577822 0 0
228.417 652.078 2.6475 4.9765 6.04147 600 0 1532 7 13 -8.44766e-06 2.64497e-06 0 0 0.873914 -0.486081 0 0
237.37 649.108 2.6475 4.9765 6.04147 600 0 1570 7 13 -8.35962e-06 5.27519e-06 0 0 0.833745 -0.55215 0 0
246.337 646.18 2.6475 4.9765 6.04147 600 0 1608 7 13 -8.20087e-06 7.06043e-06 0 0 0.889365 -0.457198 0 0
255.328 643.326 2.6475 4.9765 6.04147 600 0 1646 7 13 -7.87521e-06 8.13616e-06 0 0 0.849422 -0.527715 0 0
264.349 640.569 2.6475 4.9765 6.04147 600 0 1684 7 13 -7.31343e-06 8.68257e-06 0 0 0.842572 -0.538584 0 0
273.404 637.927 2.6475 4.9765 6.04147 600 0 1722 7 13 -6.46482e-06 8.66535e-06 0 0 0.831386 -0.555695 0 0
282.494 635.409 2.6475 4.9765 6.04147 600 0 1760 7 13 -5.53573e-06 7.30767e-06 0 0 0.91892 -0.394444 0 0
291.613 632.999 2.6475 4.9765 6.04147 600 0 1798 7 13 -4.16795e-06 5.69238e-06 0 0 0.890085 -0.455794 0 0
300.754 630.676 2.6475 4.9765 6.04147 600 0 1836 7 13 -5.61725e-06 -9.04009e-06 0 0 0.927532 -0.373743 0 0
309.842 628.154 2.6475 4.9765 6.04147 600 0 1874 7 13 1.19152e-05 4.39372e-05 0 0 0.899179 -0.437581 0 0
319.134 626.533 2.6475 4.9765 6.04147 600 0 1912 7 13 -3.19414e-05 -0.000226624 0 0 0.892997 -0.450062 0 0
326.79 621.022 2.6475 4.9765 6.04147 600 0 1950 7 13 0.000423391 0.000399402 0 0 0.803759 -0.594955 0 0
336.175 622.049 2.6475 4.9765 6.04147 600 0 1988 9 13 0.000480956 -0.000103146 0 0 0.912546 -0.408974 0 0
345.284 624.595 2.6475 4.9765 6.04147 600 0 772 8 10 0.000474318 -7.56033e-05 0 0 0.935304 -0.353845 0 0
339.814 632.297 2.6475 4.9765 6.04147 600 0 1988 9 14 0.000448824 -9.32827e-05 0 0 0.983935 -0.178526 0 0
333.548 639.349 2.6475 4.9765 6.04147 600 0 1950 7 14 9.58773e-05 -0.000405531 0 0 0.979123 -0.20327 0 0
324.154 638.565 2.6475 4.9765 6.04147 600 0 1912 7 14 5.31424e-05 8.84789e-05 0 0 0.994411 -0.10558 0 0
315.264 641.695 2.6475 4.9765 6.04147 600 0 1874 7 14 1.41937e-05 -1.85987e-05 0 0 0.983261 -0.182202 0 0
306.178 644.203 2.6475 4.9765 6.04147 600 0 1836 7 14 1.52882e-05 -1.11112e-05 0 0 0.978559 -0.205968 0 0
297.001 646.348 2.6475 4.9765 6.04147 600 0 1798 7 14 1.6002e-05 -4.61216e-06 0 0 0.992916 -0.118821 0 0
287.811 648.441 2.6475 4.9765 6.04147 600 0 1760 7 14 1.77473e-05 5.62463e-06 0 0 0.993233 -0.116136 0 0
278.791 651.169 2.6475 4.9765 6.04147 600 0 1722 7 14 1.32199e-05 -7.75724e-06 0 0 0.973048 -0.230601 0 0
269.694 653.627 2.6475 4.9765 6.04147 600 0 1684 7 14 1.40807e-05 -3.48254e-06 0 0 0.961635 -0.274332 0 0
260.604 656.112 2.6475 4.9765 6.04147 600 0 1646 7 14 1.55334e-05 2.64369e-06 0 0 0.97799 -0.208653 0 0
251.718 659.248 2.6475 4.9765 6.04147 600 0 1608 7 14 1.25421e-05 -5.56543e-06 0 0 0.973731 -0.227702 0 0
242.79 662.262 2.6475 4.9765 6.04147 600 0 1570 7 14 1.34436e-05 -2.69104e-06 0 0 0.962797 -0.270226 0 0
233.948 665.517 2.6475 4.9765 6.04147 600 0 1532 7 14 1.25015e-05 -5.25831e-06 0 0 0.963387 -0.268116 0 0
225.067 668.665 2.6475 4.9765 6.04147 600 0 1494 7 14 1.31119e-05 -3.48469e-06 0 0 0.951367 -0.30806 0 0
216.282 672.071 2.6475 4.9765 6.04147 600 0 1456 7 14 1.26933e-05 -4.55012e-06 0 0 0.947591 -0.319486 0 0
207.549 675.604 2.6475 4.9765 6.04147 600 0 1418 7 14 1.21601e-05 -5.71621e-06 0 0 0.936528 -0.350593 0 0
198.589 678.516 2.6475 4.9765 6.04147 600 0 1380 7 14 1.22782e-05 -5.06431e-06 0 0 0.910141 -0.414299 0 0
191.246 684.419 2.6475 4.9765 6.04147 600 0 1342 7 14 1.40644e-05 -2.574e-06 0 0 0.960711 -0.277552 0 0
182.148 686.86 2.6475 4.9765 6.04147 600 0 1304 7 14 9.2567e-06 -1.94724e-05 0 0 0.918705 -0.394944 0 0
173.197 689.799 2.6475 4.9765 6.04147 600 0 1266 7 14 3.42947e-05 5.7705e-05 0 0 0.99962 -0.0275716 0 0
180.22 696.081 2.6475 4.9765 6.04147 600 0 923 7 15 8.7424e-05 -2.89456e-06 0 0 0.999 0.0447101 0 0
189.443 698.021 2.6475 4.9765 6.04147 600 0 961 7 13 6.86347e-05 7.8603e-05 0 0 0.997768 -0.0667746 0 0
197.849 702.286 2.6475 4.9765 6.04147 600 0 999 7 13 0.00010878 -6.36487e-06 0 0 0.999955 0.00943621 0 0
206.835 705.142 2.6475 4.9765 6.04147 600 0 1037 7 13 9.75567e-05 1.64345e-05 0 0 0.998774 -0.0494958 0 0
215.909 707.713 2.6475 4.9765 6.04147 600 0 1075 7 13 9.19045e-05 1.82529e-05 0 0 0.992919 0.118797 0 0
225.02 710.157 2.6475 4.9765 6.04147 600 0 1113 7 13 8.4773e-05 2.15272e-05 0 0 0.998278 0.058655 0 0
234.138 712.584 2.6475 4.9765 6.04147 600 0 1151 7 13 7.75399e-05 2.1254e-05 0 0 0.999222 0.0394464 0 0
243.256 715.019 2.6475 4.9765 6.04147 600 0 1189 7 13 6.90847e-05 2.19658e-05 0 0 0.994796 -0.101882 0 0
252.365 717.494 2.6475 4.9765 6.04147 600 0 1227 7 13 5.95482e-05 2.35145e-05 0 0 0.988789 -0.149318 0 0
261.454 720.047 2.6475 4.9765 6.04147 600 0 1265 7 13 4.9207e-05 2.52771e-05 0 0 0.986492 0.163809 0 0
270.512 722.713 2.6475 4.9765 6.04147 600 0 1303 7 13 3.88262e-05 2.50614e-05 0 0 0.997577 -0.0695729 0 0
279.533 725.506 2.6475 4.9765 6.04147 600 0 1341 7 13 2.89411e-05 2.18044e-05 0 0 0.99422 -0.107364 0 0
288.518 728.413 2.6475 4.9765 6.04147 600 0 1379 7 13 1.98434e-05 1.53878e-05 0 0 0.978233 -0.207509 0 0
297.479 731.397 2.6475 4.9765 6.04147 600 0 1417 7 13 1.11304e-05 7.7298e-06 0 0 0.990901 -0.134592 0 0
306.428 734.415 2.6475 4.9765 6.04147 600 0 1455 7 13 2.03478e-06 1.62514e-06 0 0 0.982622 -0.185617 0 0
315.375 737.441 2.6475 4.9765 6.04147 600 0 1493 7 13 -7.92687e-06 -1.00344e-06 0 0 0.999014 -0.0443889 0 0
324.317 740.481 2.6475 4.9765 6.04147 600 0 1531 7 13 -1.8251e-05 -1.14589e-06 0 0 0.995962 -0.0897714 0 0
333.244 743.565 2.6475 4.9765 6.04147 600 0 1569 7 13 -2.852e-05 4.13977e-07 0 0 0.990148 -0.140022 0 0
342.138 746.739 2.6475 4.9765 6.04147 600 0 1607 7 13 -3.73358e-05 4.91433e-08 0 0 0.996225 -0.0868117 0 0
350.988 750.034 2.6475 4.9765 6.04147 600 0 1645 7 13 -4.40635e-05 -3.40294e-06 0 0 0.985367 -0.170448 0 0
359.789 753.451 2.6475 4.9765 6.04147 600 0 1683 7 13 -4.83055e-05 -1.03762e-05 0 0 0.96503 -0.262141 0 0
368.557 756.95 2.6475 4.9765 6.04147 600 0 1721 7 13 -5.04483e-05 -1.93883e-05 0 0 0.997536 -0.070155 0 0
377.321 760.456 2.6475 4.9765 6.04147 600 0 1759 7 13 -5.23564e-05 -2.56584e-05 0 0 0.985637 -0.168879 0 0
386.105 763.909 2.6475 4.9765 6.04147 600 0 1797 7 13 -5.51706e-05 -2.61404e-05 0 0 0.992692 -0.12068 0 0
394.909 767.305 2.6475 4.9765 6.04147 600 0 1835 7 13 -4.67693e-05 -5.18804e-05 0 0 0.975778 -0.218765 0 0
403.879 770.23 2.6475 4.9765 6.04147 600 0 1873 7 13 -6.70166e-05 1.00888e-05 0 0 0.987728 -0.156184 0 0
412.669 773.656 2.6475 4.9765 6.04147 600 0 1911 7 13 1.8908e-05 -0.000206499 0 0 0.971273 -0.237968 0 0
422.1 773.447 2.6475 4.9765 6.04147 600 0 1949 7 13 3.83646e-05 0.000545963 0 0 0.976298 -0.216431 0 0
428.913 779.98 2.6475 4.9765 6.04147 600 0 1987 9 13 0.000447289 0.000122594 0 0 0.967889 -0.251377 0 0
434.864 787.327 2.6475 4.9765 6.04147 0.1 0 1343 8 10 0.000414017 0.000150543 0 0 0.982815 0.184593 0 0
425.941 790.441 2.6475 4.9765 6.04147 600 0 1987 9 14 0.00039814 0.00010668 0 0 0.982815 0.184593 0 0
416.591 791.722 2.6475 4.9765 6.04147 600 0 1949 7 14 0.000336889 -0.000331518 0 0 0.946894 0.321546 0 0
408.902 786.261 2.6475 4.9765 6.04147 600 0 1911 7 14 -1.50177e-05 0.000161137 0 0 0.970015 0.243045 0 0
399.697 784.216 2.6475 4.9765 6.04147 600 0 1873 7 14 2.92011e-05 -4.11334e-05 0 0 0.908716 0.417416 0 0
390.853 780.947 2.6475 4.9765 6.04147 600 0 1835 7 14 1.36513e-05 1.81898e-06 0 0 0.939175 0.343438 0 0
382.04 777.596 2.6475 4.9765 6.04147 600 0 1797 7 14 1.51972e-05 1.09937e-06 0 0 0.948444 0.316943 0 0
373.275 774.123 2.6475 4.9765 6.04147 600 0 1759 7 14 1.62867e-05 3.67509e-06 0 0 0.906862 0.421428 0 0
364.54 770.574 2.6475 4.9765 6.04147 600 0 1721 7 14 1.78353e-05 6.73402e-06 0 0 0.94427 0.329171 0 0
355.812 767.011 2.6475 4.9765 6.04147 600 0 1683 7 14 1.91488e-05 1.15639e-05 0 0 0.939396 0.342833 0 0
347.037 763.566 2.6475 4.9765 6.04147 600 0 1645 7 14 2.16696e-05 1.42759e-05 0 0 0.965207 0.261488 0 0
338.186 760.325 2.6475 4.9765 6.04147 600 0 1607 7 14 2.5544e-05 1.36585e-05 0 0 0.971434 0.237308 0 0
329.272 757.261 2.6475 4.9765 6.04147 600 0 1569 7 14 2.95696e-05 1.23288e-05 0 0 0.980614 0.195947 0 0
320.323 754.303 2.6475 4.9765 6.04147 600 0 1531 7 14 3.21041e-05 1.45194e-05 0 0 0.837902 0.54582 0 0
311.298 751.59 2.6475 4.9765 6.04147 600 0 1493 7 14 3.45832e-05 1.58001e-05 0 0 0.887458 0.460888 0 0
302.145 749.351 2.6475 4.9765 6.04147 600 0 1455 7 14 3.82412e-05 9.88077e-06 0 0 0.909568 0.415555 0 0
292.973 747.192 2.6475 4.9765 6.04147 600 0 1417 7 15 3.29719e-05 3.92931e-05 0 0 0.813857 0.581065 0 0
283.619 748.312 2.6475 4.9765 6.04147 600 0 1759 7 13 3.16653e-05 2.06308e-05 0 0 0.636012 0.771679 0 0
289.266 755.853 2.6475 4.9765 6.04147 600 0 1797 7 13 1.66416e-05 3.27195e-05 0 0 0.734229 0.678902 0 0
291.924 764.894 2.6475 4.9765 6.04147 600 0 1835 7 13 3.69078e-05 2.76155e-05 0 0 0.602571 0.798065 0 0
296.553 773.102 2.6475 4.9765 6.04147 600 0 1873 7 13 1.06956e-05 4.36335e-05 0 0 0.699364 0.714766 0 0
300.573 781.626 2.6475 4.9765 6.04147 600 0 1911 7 13 9.77588e-05 3.78566e-06 0 0 0.684553 0.728963 0 0
307.53 787.987 2.6475 4.9765 6.04147 600 0 1949 7 13 -0.000183372 0.00031321 0 0 0.744929 0.667144 0 0
307.237 797.415 2.6475 4.9765 6.04147 600 0 1987 9 13 0.000416185 0.000332614 0 0 0.645969 0.763363 0 0
306.021 806.783 2.6475 4.9765 6.04147 600 0 279 8 10 0.000249386 0.000310356 0 0 0.645969 0.763363 0 0
297.604 802.435 2.6475 4.9765 6.04147 600 0 1987 9 14 0.000325891 0.000156627 0 0 0.517025 0.855971 0 0
291.157 795.515 2.6475 4.9765 6.04147 600 0 1949 7 14 0.000558265 -6.63683e-05 0 0 0.354256 0.935149 0 0
287.612 786.753 2.6475 4.9765 6.04147 600 0 1911 7 14 -0.000104739 0.000194845 0 0 0.379726 0.925099 0 0
282.806 778.619 2.6475 4.9765 6.04147 600 0 1873 7 14 8.84745e-05 7.33264e-05 0 0 0.344304 0.938858 0 0
278.309 770.313 2.6475 4.9765 6.04147 600 0 1835 7 14 1.97516e-05 0.000103874 0 0 0.43813 0.898912 0 0
273.529 762.168 2.6475 4.9765 6.04147 600 0 1797 7 14 -1.12856e-05 0.000115859 0 0 0.356278 0.93438 0 0
268.102 754.444 2.6475 4.9765 6.04147 600 0 1759 7 14 -2.84155e-05 0.000121996 0 0 0.707817 0.706396 0 0
261.767 747.446 2.6475 4.9765 6.04147 600 0 1721 7 14 -2.6802e-05 0.000114725 0 0 0.765062 0.643957 0 0
254.526 741.394 2.6475 4.9765 6.04147 600 0 1265 7 15 -1.47863e-05 9.44024e-05 0 0 0.944434 0.328701 0 0
246.585 736.295 2.6475 4.9765 6.04147 600 0 1227 7 14 -4.68871e-06 7.24403e-05 0 0 0.861052 0.508517 0 0
238.167 732.032 2.6475 4.9765 6.04147 600 0 1189 7 14 2.47069e-06 5.17613e-05 0 0 0.894983 0.4461 0 0
229.453 728.415 2.6475 4.9765 6.04147 600 0 1151 7 14 6.12285e-06 3.62578e-05 0 0 0.927694 0.373341 0 0
220.558 725.27 2.6475 4.9765 6.04147 600 0 1113 7 14 7.66846e-06 2.52951e-05 0 0 0.845737 0.5336 0 0
211.552 722.462 2.6475 4.9765 6.04147 600 0 1075 7 14 7.92829e-06 1.82536e-05 0 0 0.888063 0.459722 0 0
202.472 719.902 2.6475 4.9765 6.04147 600 0 1037 7 14 7.49943e-06 1.42229e-05 0 0 0.81537 0.57894 0 0
193.339 717.537 2.6475 4.9765 6.04147 600 0 999 7 14 6.6275e-06 1.28292e-05 0 0 0.870071 0.492926 0 0
184.161 715.358 2.6475 4.9765 6.04147 600 0 961 7 14 5.59365e-06 1.331e-05 0 0 0.90734 0.420397 0 0
174.937 713.383 2.6475 4.9765 6.04147 600 0 923 7 14 4.51498e-06 1.53643e-05 0 0 0.942222 0.334989 0 0
165.662 711.661 2.6475 4.9765 6.04147 600 0 885 7 14 3.59536e-06 1.82598e-05 0 0 0.951719 0.306972 0 0
156.335 710.254 2.6475 4.9765 6.04147 600 0 847 7 14 2.88291e-06 2.19373e-05 0 0 0.92352 0.383551 0 0
146.956 709.243 2.6475 4.9765 6.04147 600 0 809 7 14 2.47613e-06 2.60544e-05 0 0 0.941636 0.336634 0 0
137.538 708.714 2.6475 4.9765 6.04147 600 0 771 7 14 2.46618e-06 2.97771e-05 0 0 0.970462 0.241254 0 0
128.106 708.747 2.6475 4.9765 6.04147 600 0 733 7 14 2.84696e-06 4.40897e-05 0 0 0.976382 0.216049 0 0
118.714 709.62 2.6475 4.9765 6.04147 600 0 695 7 14 -4.5476e-08 8.28957e-06 0 0 0.975724 0.219005 0 0
113.066 702.079 2.6475 4.9765 6.04147 600 0 657 7 14 2.15663e-06 6.58515e-06 0 0 0.999935 0.0113851 0 0
109.347 710.735 2.6475 4.9765 6.04147 0.1 0 0 7 15 1.81772e-07 5.70416e-06 0 0 5.47263e-311 6.9513e-310 0 0
100 712 2.6475 4.9765 6.04147 0.1 0 0 7 7 0.000491039 -0.02674 0 0 -1.49458e-154 5.03337e-311 0 0
100 721 2.6475 4.9765 6.04147 0.1 0 0 7 7 -0 -0 0 0 1.00795e-311 2.68156e+154 0 0
100 730 2.6475 4.9765 6.04147 0.1 0 0 7 7 -0 -0 0 0 9.76598e-309 3.83232e-311 0 0
100 739 2.6475 4.9765 6.04147 0.1 0 0 7 7 -0 -0 0 0 -1.49458e-154 5.7591e-311 0 0
100 748 2.6475 4.9765 6.04147 0.1 0 0 7 7 -0 -0 0 0 2.83008e-309 6.9513e-310 0 0
100 757 2.6475 4.9765 6.04147 0.1 0 0 7 7 -0 -0 0 0 3.24453e-311 4.87635e-311 0 0
100 766 2.6475 4.9765 6.04147 0.1 0 0 7 7 -0 -0 0 0 -2.6868e+154 1.22439e-311 0 0
100 775 2.6475 4.9765 6.04147 0.1 0 0 7 7 -0 -0 0 0 4.15062e-311 4.49439e-311 0 0
100 784 2.6475 4.9765 6.04147 0.1 0 0 7 7 -0 -0 0 0 6.9513e-310 2.68156e+154 0 0
100 793 2.6475 4.9765 6.04147 0.1 0 0 7 7 -0 -0 0 0 -2.6868e+154 4.76176e-311 0 0
100 802 2.6475 4.9765 6.04147 0.1 0 0 7 7 -0 0.0266735 0 0 4.89544e-311 2.68156e+154 0 0
