591.801 455.991 5.295 9.953 12.0829 0.1 0 75 3 1 -2.11837e-08 -1.50356e-08 0 0 10 6.95293e-310 0 0
597.212 416.77 5.295 9.953 12.0829 0.1 0 161 3 1 8.5825e-10 -2.59894e-08 0 0 6.9513e-310 6.9513e-310 0 0
596.555 436.663 5.295 9.953 12.0829 0.1 0 94 3 1 -4.3469e-10 -1.94989e-08 0 0 6.9513e-310 6.9513e-310 0 0
614.608 428.279 5.295 9.953 12.0829 0.1 0 90 3 1 6.38928e-09 -1.59201e-08 0 0 -0.0592936 -0.00602625 0 0
624.344 445.64 5.295 9.953 12.0829 0.1 0 67 3 1 4.27654e-09 -9.79407e-09 0 0 2.68156e+154 2.68156e+154 0 0
611.174 460.564 5.295 9.953 12.0829 0.1 0 52 3 1 -1.45946e-08 -1.6937e-08 0 0 10 6.95293e-310 0 0
639.121 432.304 5.295 9.953 12.0829 0.1 0 75 3 1 1.06596e-08 -9.6212e-09 0 0 6.9513e-310 6.9513e-310 0 0
643.08 452.362 5.295 9.953 12.0829 0.1 0 49 3 1 7.8795e-09 -5.94168e-09 0 0 10 6.95293e-310 0 0
661.113 428.823 5.295 9.953 12.0829 0.1 0 90 3 1 -4.37927e-09 -3.07169e-09 0 0 6.9513e-310 6.9513e-310 0 0
677.409 440.254 5.295 9.953 12.0829 0.1 0 77 3 1 1.41014e-08 -2.44379e-08 0 0 2.68156e+154 2.68156e+154 0 0
662.94 453.922 5.295 9.953 12.0829 0.1 0 51 3 1 5.33968e-09 -2.23993e-08 0 0 10 6.95293e-310 0 0
697.31 440.64 5.295 9.953 12.0829 0.1 0 110 3 1 1.9008e-08 3.68827e-10 0 0 6.9513e-310 6.9513e-310 0 0
685.204 458.968 5.295 9.953 12.0829 0.1 0 64 3 1 2.94374e-10 -3.03982e-10 0 0 10 6.95293e-310 0 0
587.938 475.517 5.295 9.953 12.0829 0.1 0 65 3 1 -3.5631e-08 -7.58085e-09 0 0 10 6.95293e-310 0 0
607.31 480.09 5.295 9.953 12.0829 0.1 0 44 3 1 -2.67623e-08 -1.14245e-08 0 0 10 6.95293e-310 0 0
651.661 470.322 5.295 9.953 12.0829 0.1 0 36 3 1 1.47047e-08 -4.32238e-09 0 0 6.9513e-310 6.9513e-310 0 0
629.643 467.986 5.295 9.953 12.0829 0.1 0 38 3 1 -1.13389e-09 -3.3404e-08 0 0 10 6.95293e-310 0 0
671.356 473.267 5.295 9.953 12.0829 0.1 0 41 3 1 -2.94374e-10 3.03982e-10 0 0 10 6.95293e-310 0 0
704.065 465.386 5.295 9.953 12.0829 0.1 0 82 3 1 1.04583e-08 -2.2974e-08 0 0 6.9513e-310 6.9513e-310 0 0
695.819 483.501 5.295 9.953 12.0829 0.1 0 65 3 1 2.38795e-08 -9.76519e-09 0 0 10 6.95293e-310 0 0
583.539 494.928 5.295 9.953 12.0829 0.1 0 66 3 2 -1.83691e-08 6.63782e-09 0 0 10 6.95293e-310 0 0
602.394 501.302 5.295 9.953 12.0829 0.1 0 43 3 1 -2.18035e-08 4.75634e-08 0 0 6.9513e-310 6.9513e-310 0 0
621.084 494.458 5.295 9.953 12.0829 0.1 0 34 3 1 -2.56551e-08 3.18746e-09 0 0 10 6.95293e-310 0 0
638.907 485.602 5.295 9.953 12.0829 0.1 0 32 3 1 -1.54231e-08 -1.56995e-08 0 0 2.68156e+154 6.9513e-310 0 0
645.305 504.559 5.295 9.953 12.0829 0.1 0 32 3 1 6.29022e-09 -1.59206e-08 0 0 10 6.95293e-310 0 0
658.516 489.01 5.295 9.953 12.0829 0.1 0 33 3 1 -2.46529e-09 6.11761e-09 0 0 1.29075e-231 6.9513e-310 0 0
664.931 507.883 5.295 9.953 12.0829 0.1 0 36 3 1 7.1205e-09 -1.34462e-08 0 0 10 6.95293e-310 0 0
678.098 492.564 5.295 9.953 12.0829 0.1 0 43 3 1 1.59437e-08 -1.22563e-09 0 0 3.09872e-303 8.48798e-314 0 0
715.722 483.302 5.295 9.953 12.0829 0.1 0 91 3 1 3.09703e-08 -8.16612e-09 0 0 2.68156e+154 2.68156e+154 0 0
713.95 503.128 5.295 9.953 12.0829 0.1 0 98 3 1 3.48249e-08 -4.18519e-09 0 0 6.9513e-310 6.9513e-310 0 0
720.415 521.954 5.295 9.953 12.0829 0.1 0 105 3 1 8.458e-09 9.19562e-09 0 0 10 6.95293e-310 0 0
550.278 516.798 5.295 9.953 12.0829 0.1 0 157 3 1 -3.12205e-08 2.01521e-08 0 0 6.9513e-310 6.9513e-310 0 0
567.001 506.003 5.295 9.953 12.0829 0.1 0 91 3 1 -3.4602e-08 5.1038e-10 0 0 2.68156e+154 2.68156e+154 0 0
581.364 519.783 5.295 9.953 12.0829 0.1 0 79 3 1 -2.95266e-08 3.48549e-09 0 0 2.68156e+154 2.68156e+154 0 0
601.036 522.82 5.295 9.953 12.0829 0.1 0 51 3 1 -2.65358e-08 4.00766e-08 0 0 6.9513e-310 6.9513e-310 0 0
583.94 539.521 5.295 9.953 12.0829 0.1 0 73 3 1 -4.35669e-09 2.46943e-09 0 0 10 6.95293e-310 0 0
619 514.251 5.295 9.953 12.0829 0.1 0 40 3 1 -2.51293e-08 1.67129e-08 0 0 2.68156e+154 2.68156e+154 0 0
620.549 534.096 5.295 9.953 12.0829 0.1 0 46 3 1 9.4061e-09 1.9873e-08 0 0 10 6.95293e-310 0 0
637.037 522.666 5.295 9.953 12.0829 0.1 0 35 3 1 1.82532e-09 -1.2021e-08 0 0 6.9513e-310 2.68156e+154 0 0
643.954 541.329 5.295 9.953 12.0829 0.1 0 42 3 1 6.44856e-09 -2.93132e-09 0 0 10 6.95293e-310 0 0
656.662 525.989 5.295 9.953 12.0829 0.1 0 37 3 1 1.0372e-08 -6.42167e-09 0 0 10 6.95293e-310 0 0
694.087 504.417 5.295 9.953 12.0829 0.1 0 54 3 1 2.74327e-08 5.80728e-09 0 0 2.68156e+154 2.68156e+154 0 0
680.643 520.736 5.295 9.953 12.0829 0.1 0 52 3 1 -0 -0 0 0 6.9513e-310 6.9513e-310 0 0
700.551 523.242 5.295 9.953 12.0829 0.1 0 68 3 1 6.47154e-09 2.39804e-08 0 0 10 6.95293e-310 0 0
603.32 544.065 5.295 9.953 12.0829 0.1 0 64 3 1 -2.68893e-09 5.48034e-09 0 0 6.9513e-310 6.9513e-310 0 0
591.337 561.678 5.295 9.953 12.0829 0.1 0 91 3 1 -1.05592e-08 1.68709e-09 0 0 6.9513e-310 6.9513e-310 0 0
572.344 555.72 5.295 9.953 12.0829 0.1 0 121 3 1 -1.38646e-08 -4.34978e-09 0 0 10 6.95293e-310 0 0
611.124 563.835 5.295 9.953 12.0829 0.1 0 76 3 1 -4.85746e-09 8.91023e-09 0 0 -0.0592936 -0.00602625 0 0
608.826 583.607 5.295 9.953 12.0829 0.1 0 122 3 1 -1.6558e-09 1.42444e-08 0 0 10 6.95293e-310 0 0
627.718 552.844 5.295 9.953 12.0829 0.1 0 56 3 1 -1.98029e-10 1.58918e-09 0 0 2.68156e+154 2.68156e+154 0 0
671.988 538.69 5.295 9.953 12.0829 0.1 0 48 3 1 9.59853e-09 8.19618e-09 0 0 2.68156e+154 2.68156e+154 0 0
659.288 554.019 5.295 9.953 12.0829 0.1 0 57 3 1 9.68455e-09 8.88872e-09 0 0 6.9513e-310 2.68156e+154 0 0
656.002 576.79 5.295 9.953 12.0829 0.1 0 89 3 1 -0 -0 0 0 2.68156e+154 2.68156e+154 0 0
692.635 580.356 5.295 9.953 12.0829 0.1 0 126 3 1 1.50363e-09 -4.80785e-10 0 0 8.34403e-309 -1 0 0
673.675 586.418 5.295 9.953 12.0829 0.1 0 110 3 1 7.04467e-09 2.2197e-08 0 0 6.9513e-310 6.9513e-310 0 0
663.932 603.775 5.295 9.953 12.0829 0.1 0 171 3 1 -1.07768e-08 1.91979e-08 0 0 10 6.95293e-310 0 0
705.376 542.552 5.295 9.953 12.0829 0.1 0 90 3 1 3.63037e-08 2.48225e-08 0 0 0 0 0 0
687.456 551.216 5.295 9.953 12.0829 0.1 0 74 3 1 1.99106e-08 7.2392e-09 0 0 6.9513e-310 6.9513e-310 0 0
674.757 566.544 5.295 9.953 12.0829 0.1 0 78 3 1 1.66432e-08 1.43744e-08 0 0 10 6.95293e-310 0 0
80 235 2.6475 4.9765 6.04147 0.1 0 0 7 7 -0 -0.0266735 0 0 9.73472e-309 2.21006e-314 0 0
80 244 2.6475 4.9765 6.04147 0.1 0 0 7 7 -0 -0 0 0 1.5724e-311 3.62225e-311 0 0
80 253 2.6475 4.9765 6.04147 0.1 0 0 7 7 -0 -0 0 0 2.00391 6.9513e-310 0 0
80 262 2.6475 4.9765 6.04147 0.1 0 0 7 7 -0 -0 0 0 2.68156e+154 4.67051e-311 0 0
80 271 2.6475 4.9765 6.04147 0.1 0 0 7 7 -0 -0 0 0 2.32036e+77 5.34743e-311 0 0
80 280 2.6475 4.9765 6.04147 0.1 0 0 7 7 -0 -0 0 0 2.68156e+154 6.95293e-310 0 0
80 289 2.6475 4.9765 6.04147 0.1 0 0 7 7 -0 -0 0 0 1.49458e-154 5.73151e-311 0 0
80 298 2.6475 4.9765 6.04147 0.1 0 0 7 7 -0 -0 0 0 2.44666e-311 3.63073e-311 0 0
80 307 2.6475 4.9765 6.04147 0.1 0 0 7 7 -0 -0 0 0 -3.1111e+231 5.65724e-311 0 0
80 316 2.6475 4.9765 6.04147 0.1 0 0 7 7 -0 -0 0 0 8.38891e-309 4.47317e-311 0 0
80 325 2.6475 4.9765 6.04147 0.1 0 0 7 7 -0 -0 0 0 1.33686e-311 4.48166e-311 0 0
80 334 2.6475 4.9765 6.04147 0.1 0 0 7 7 -0 -0 0 0 6.95123e-310 2.68156e+154 0 0
80 343 2.6475 4.9765 6.04147 0.1 0 0 7 7 -0 -0 0 0 8.34405e-309 1.73061e-77 0 0
80 352 2.6475 4.9765 6.04147 0.1 0 0 7 7 -0 -0 0 0 -1.49458e-154 3.33578e-311 0 0
80 361 2.6475 4.9765 6.04147 0.1 0 0 7 7 -0 -0 0 0 4.49014e-311 2.68156e+154 0 0
80 370 2.6475 4.9765 6.04147 0.1 0 0 7 7 -0 -0 0 0 4.72828e-308 3.39519e-312 0 0
80 379 2.6475 4.9765 6.04147 0.1 0 0 7 7 -0 -0 0 0 3.35488e-311 4.16972e-311 0 0
80 388 2.6475 4.9765 6.04147 0.1 0 0 7 7 -0 -0 0 0 6.95123e-310 6.9513e-310 0 0
80 397 2.6475 4.9765 6.04147 0.1 0 0 7 7 -0 -0 0 0 6.9513e-310 2.68156e+154 0 0
80 406 2.6475 4.9765 6.04147 0.1 0 0 7 7 -0 -0 0 0 2.68156e+154 6.9513e-310 0 0
80 415 2.6475 4.9765 6.04147 0.1 0 0 7 7 -0 -0 0 0 2.68156e+154 5.45565e-311 0 0
80 424 2.6475 4.9765 6.04147 0.1 0 0 7 7 -0 -0 0 0 0 1.49458e-154 0 0
80 433 2.6475 4.9765 6.04147 0.1 0 0 7 7 -0 -0 0 0 2.68156e+154 5.63602e-311 0 0
80 442 2.6475 4.9765 6.04147 0.1 0 0 7 7 -0 -0 0 0 4.1676e-311 4.49863e-311 0 0
80 451 2.6475 4.9765 6.04147 0.1 0 0 7 7 -0 -0 0 0 6.95123e-310 6.9513e-310 0 0
80 460 2.6475 4.9765 6.04147 0.1 0 0 7 7 -0 -0 0 0 4.17204e-309 2.05621e-311 0 0
80 469 2.6475 4.9765 6.04147 0.1 0 0 7 7 -0 -0 0 0 2.21006e-314 1.49458e-154 0 0
80 478 2.6475 4.9765 6.04147 0.1 0 0 7 7 -0 -0 0 0 4.53895e-311 2.68156e+154 0 0
80 487 2.6475 4.9765 6.04147 0.1 0 0 7 7 -0 -0 0 0 1.25615e-308 1.79309e-311 0 0
80 496 2.6475 4.9765 6.04147 0.1 0 0 7 7 -0 -0 0 0 1.78672e-311 3.32305e-311 0 0
80 505 2.6475 4.9765 6.04147 0.1 0 0 7 7 -0 -0 0 0 2.60581e-311 4.14001e-311 0 0
80 514 2.6475 4.9765 6.04147 0.1 0 0 7 7 -0 -0 0 0 2.68156e+154 -1.73061e-77 0 0
80 523 2.6475 4.9765 6.04147 0.1 0 0 7 7 -0 -0 0 0 3.89388e-308 2.56761e-312 0 0
80 532 2.6475 4.9765 6.04147 0.1 0 0 7 7 -0 -0 0 0 9.7347e-309 1.91828e-311 0 0
80 541 2.6475 4.9765 6.04147 0.1 0 0 7 7 -0 -0 0 0 2.68156e+154 1.73061e-77 0 0
80 550 2.6475 4.9765 6.04147 0.1 0 0 7 7 -0 -0 0 0 6.96583e-309 1.24773e-311 0 0
80 559 2.6475 4.9765 6.04147 0.1 0 0 7 7 -0 -0 0 0 1.51305e-306 4.26521e-312 0 0
80 568 2.6475 4.9765 6.04147 0.1 0 0 7 7 -0 -0 0 0 3.00687e-311 2.6868e+154 0 0
80 577 2.6475 4.9765 6.04147 0.1 0 0 7 7 -0 -0 0 0 2.54639e-312 2.68156e+154 0 0
80 586 2.6475 4.9765 6.04147 0.1 0 0 7 7 -0 -0 0 0 2.81793e-309 0 0 0
80 595 2.6475 4.9765 6.04147 0.1 0 0 7 7 -0 -0 0 0 2.81793e-309 0 0 0
80 604 2.6475 4.9765 6.04147 0.1 0 0 7 7 -0 -0 0 0 6.9513e-310 -4.34456e-311 0 0
80 613 2.6475 4.9765 6.04147 0.1 0 0 7 7 -0 -0 0 0 4.58351e-311 2.68156e+154 0 0
80 622 2.6475 4.9765 6.04147 0.1 0 0 7 7 -0 -0 0 0 2.6868e+154 6.95293e-310 0 0
80 631 2.6475 4.9765 6.04147 0.1 0 0 7 7 -0 -0 0 0 2.68156e+154 -2.6868e+154 0 0
80 640 2.6475 4.9765 6.04147 0.1 0 0 7 7 -0 -0 0 0 8.34403e-309 1.39203e-311 0 0
80 649 2.6475 4.9765 6.04147 0.1 0 0 7 7 -0 -0 0 0 2.68857e-311 2.69281e-311 0 0
80 658 2.6475 4.9765 6.04147 0.1 0 0 7 7 -0 -0 0 0 6.95123e-310 6.9513e-310 0 0
80 667 2.6475 4.9765 6.04147 0.1 0 0 7 7 -0 -0 0 0 8.46918e-307 3.35275e-312 0 0
80 676 2.6475 4.9765 6.04147 0.1 0 0 7 7 -0 -0 0 0 2.32036e+77 6.95293e-310 0 0
80 685 2.6475 4.9765 6.04147 0.1 0 0 7 7 -0 -0 0 0 4.60685e-311 2.68156e+154 0 0
80 694 2.6475 4.9765 6.04147 0.1 0 0 7 7 -0 -0 0 0 4.6111e-311 5.54478e-311 0 0
80 703 2.6475 4.9765 6.04147 0.1 0 0 7 7 -0 -0 0 0 4.62171e-311 2.68156e+154 0 0
80 712 2.6475 4.9765 6.04147 0.1 0 0 7 7 -0 -0 0 0 4.62383e-311 2.68156e+154 0 0
80 721 2.6475 4.9765 6.04147 0.1 0 0 7 7 -0 -0 0 0 4.41019e-311 -1.49458e-154 0 0
80 730 2.6475 4.9765 6.04147 0.1 0 0 7 7 -0 -0 0 0 3.3188e-311 4.62383e-311 0 0
80 739 2.6475 4.9765 6.04147 0.1 0 0 7 7 -0 -0 0 0 6.98826e-309 3.84293e-311 0 0
80 748 2.6475 4.9765 6.04147 0.1 0 0 7 7 -0 -0 0 0 -3.1111e+231 5.19465e-311 0 0
80 757 2.6475 4.9765 6.04147 0.1 0 0 7 7 -0 -0 0 0 5.57137e-308 2.51032e-311 0 0
80 766 2.6475 4.9765 6.04147 0.1 0 0 7 7 -0 -0 0 0 -2.32036e+77 4.50288e-311 0 0
80 775 2.6475 4.9765 6.04147 0.1 0 0 7 7 -0 0.0266735 0 0 6.9513e-310 2.00391 0 0
100 208 2.6475 4.9765 6.04147 0.1 0 0 7 7 -0 -0.0266735 0 0 4.43497e-311 4.65141e-311 0 0
100 217 2.6475 4.9765 6.04147 0.1 0 0 7 7 -0 -0 0 0 6.95123e-310 6.9513e-310 0 0
100 226 2.6475 4.9765 6.04147 0.1 0 0 7 7 -0 -0 0 0 2.09035e-308 2.05409e-311 0 0
100 235 2.6475 4.9765 6.04147 0.1 0 0 7 7 -0 -0 0 0 2.68156e+154 6.9513e-310 0 0
100 244 2.6475 4.9765 6.04147 0.1 0 0 7 7 -0 -0 0 0 3.40156e-311 4.46892e-311 0 0
100 253 2.6475 4.9765 6.04147 0.1 0 0 7 7 -0 -0 0 0 3.83657e-311 4.59836e-311 0 0
100 262 2.6475 4.9765 6.04147 0.1 0 0 7 7 -0 -0 0 0 2.81846e-309 0 0 0
100 271 2.6475 4.9765 6.04147 0.1 0 0 7 7 -0 -0 0 0 2.68156e+154 6.9513e-310 0 0
100 280 2.6475 4.9765 6.04147 0.1 0 0 7 7 -0 -0 0 0 3.01111e-311 4.67688e-311 0 0
100 289 2.6475 4.9765 6.04147 0.1 0 0 7 7 -0 -0 0 0 2.68156e+154 6.95293e-310 0 0
100 298 2.6475 4.9765 6.04147 0.1 0 0 7 7 -0 -0 0 0 -1.49458e-154 4.69598e-311 0 0
100 307 2.6475 4.9765 6.04147 0.1 0 0 7 7 -0 -0 0 0 4.6981e-311 -1.29075e-231 0 0
100 316 2.6475 4.9765 6.04147 0.1 0 0 7 7 -0 -0 0 0 8.39107e-309 3.19785e-311 0 0
100 325 2.6475 4.9765 6.04147 0.1 0 0 7 7 -0 -0 0 0 4.70446e-311 5.36865e-311 0 0
100 334 2.6475 4.9765 6.04147 0.1 0 0 7 7 -0 -0 0 0 -4.34456e-311 5.19252e-311 0 0
100 343 2.6475 4.9765 6.04147 0.1 0 0 7 7 -0 -0 0 0 4.21546e-309 1.5151e-311 0 0
100 352 2.6475 4.9765 6.04147 0.1 0 0 7 7 -0 -0 0 0 4.71295e-311 2.68156e+154 0 0
100 361 2.6475 4.9765 6.04147 0.1 0 0 7 7 -0 -0 0 0 2.36849e-308 1.51723e-311 0 0
100 370 2.6475 4.9765 6.04147 0.1 0 0 7 7 -0 -0 0 0 2.82851e-309 2.32036e+77 0 0
100 379 2.6475 4.9765 6.04147 0.1 0 0 7 7 -0 -0 0 0 2.68156e+154 6.9513e-310 0 0
100 388 2.6475 4.9765 6.04147 0.1 0 0 7 7 -0 -0 0 0 6.9513e-310 4.34456e-311 0 0
100 397 2.6475 4.9765 6.04147 0.1 0 0 7 7 -0 -0 0 0 2.69918e-311 3.13419e-311 0 0
100 406 2.6475 4.9765 6.04147 0.1 0 0 7 7 -0 -0 0 0 2.22915e-308 2.27054e-311 0 0
100 415 2.6475 4.9765 6.04147 0.1 0 0 7 7 -0 -0 0 0 1.11702e-308 2.04773e-311 0 0
100 424 2.6475 4.9765 6.04147 0.1 0 0 7 7 -0 -0 0 0 4.73842e-311 2.68156e+154 0 0
100 433 2.6475 4.9765 6.04147 0.1 0 0 7 7 -0 -0 0 0 2.68156e+154 -4.34456e-311 0 0
100 442 2.6475 4.9765 6.04147 0.1 0 0 7 7 -0 -0 0 0 4.17201e-309 1.07585e-311 0 0
100 451 2.6475 4.9765 6.04147 0.1 0 0 7 7 -0 -0 0 0 1.70396e-311 -3.1111e+231 0 0
100 460 2.6475 4.9765 6.04147 0.1 0 0 7 7 -0 -0 0 0 4.7469e-311 2.68156e+154 0 0
100 469 2.6475 4.9765 6.04147 0.1 0 0 7 7 -0 -0 0 0 3.10024e-311 4.01269e-311 0 0
100 478 2.6475 4.9765 6.04147 0.1 0 0 7 7 -0 -0 0 0 4.75115e-311 2.68156e+154 0 0
100 487 2.6475 4.9765 6.04147 0.1 0 0 7 7 -0 -0 0 0 2.68156e+154 1.73061e-77 0 0
100 496 2.6475 4.9765 6.04147 0.1 0 0 7 7 -0 -0 0 0 2.82238e-309 0 0 0
100 505 2.6475 4.9765 6.04147 0.1 0 0 7 7 -0 -0 0 0 1.58937e-311 4.50712e-311 0 0
100 514 2.6475 4.9765 6.04147 0.1 0 0 7 7 -0 -0 0 0 2.68156e+154 2.68156e+154 0 0
100 523 2.6475 4.9765 6.04147 0.1 0 0 7 7 -0 -0 0 0 9.47568e-308 8.91238e-312 0 0
100 532 2.6475 4.9765 6.04147 0.1 0 0 7 7 -0 -0 0 0 4.78086e-311 2.68156e+154 0 0
100 541 2.6475 4.9765 6.04147 0.1 0 0 7 7 -0 -0 0 0 2.82918e-309 1.96921e-311 0 0
100 550 2.6475 4.9765 6.04147 0.1 0 0 7 7 -0 -0 0 0 6.95123e-310 6.9513e-310 0 0
100 559 2.6475 4.9765 6.04147 0.1 0 0 7 7 -0 -0 0 0 4.21546e-309 2.43605e-311 0 0
100 568 2.6475 4.9765 6.04147 0.1 0 0 7 7 -0 -0 0 0 -1.29075e-231 6.95293e-310 0 0
100 577 2.6475 4.9765 6.04147 0.1 0 0 7 7 -0 -0 0 0 4.86714e-309 3.05567e-312 0 0
100 586 2.6475 4.9765 6.04147 0.1 0 0 7 7 -0 -0 0 0 2.14746e-311 2.68156e+154 0 0
100 595 2.6475 4.9765 6.04147 0.1 0 0 7 7 -0 -0 0 0 4.37343e-311 2.32036e+77 0 0
100 604 2.6475 4.9765 6.04147 0.1 0 0 7 7 -0 -0 0 0 6.9513e-310 -1.73061e-77 0 0
100 613 2.6475 4.9765 6.04147 0.1 0 0 7 7 -0 -0 0 0 3.77079e-311 4.11243e-311 0 0
100 622 2.6475 4.9765 6.04147 0.1 0 0 7 7 -0 -0 0 0 1.49458e-154 6.95293e-310 0 0
100 631 2.6475 4.9765 6.04147 0.1 0 0 7 7 -0 -0 0 0 -2.6868e+154 5.68058e-311 0 0
100 640 2.6475 4.9765 6.04147 0.1 0 0 7 7 -0 -0 0 0 1.29075e-231 4.37343e-311 0 0
100 649 2.6475 4.9765 6.04147 0.1 0 0 7 7 -0 -0 0 0 6.9513e-310 1.49458e-154 0 0
100 658 2.6475 4.9765 6.04147 0.1 0 0 7 7 -0 -0 0 0 1.29075e-231 4.81693e-311 0 0
100 667 2.6475 4.9765 6.04147 0.1 0 0 7 7 -0 -0 0 0 2.81534e-309 3.39732e-311 0 0
100 676 2.6475 4.9765 6.04147 0.1 0 0 7 7 -0 -0 0 0 2.7932e-309 0 0 0
100 685 2.6475 4.9765 6.04147 0.1 0 0 7 7 -0 -0 0 0 2.68156e+154 4.82754e-311 0 0
100 694 2.6475 4.9765 6.04147 0.1 0 0 7 7 -0 -0 0 0 1.53408e-308 3.40793e-311 0 0
100 703 2.6475 4.9765 6.04147 0.1 0 0 7 7 -0 -0 0 0 5.47263e-311 6.9513e-310 0 0
100 712 2.6475 4.9765 6.04147 0.1 0 0 7 7 -0 -0 0 0 -1.49458e-154 5.03337e-311 0 0
100 721 2.6475 4.9765 6.04147 0.1 0 0 7 7 -0 -0 0 0 1.00795e-311 2.68156e+154 0 0
100 730 2.6475 4.9765 6.04147 0.1 0 0 7 7 -0 -0 0 0 9.76598e-309 3.83232e-311 0 0
100 739 2.6475 4.9765 6.04147 0.1 0 0 7 7 -0 -0 0 0 -1.49458e-154 5.7591e-311 0 0
100 748 2.6475 4.9765 6.04147 0.1 0 0 7 7 -0 -0 0 0 2.83008e-309 6.9513e-310 0 0
100 757 2.6475 4.9765 6.04147 0.1 0 0 7 7 -0 -0 0 0 3.24453e-311 4.87635e-311 0 0
100 766 2.6475 4.9765 6.04147 0.1 0 0 7 7 -0 -0 0 0 -2.6868e+154 1.22439e-311 0 0
100 775 2.6475 4.9765 6.04147 0.1 0 0 7 7 -0 -0 0 0 4.15062e-311 4.49439e-311 0 0
100 784 2.6475 4.9765 6.04147 0.1 0 0 7 7 -0 -0 0 0 6.9513e-310 2.68156e+154 0 0
100 793 2.6475 4.9765 6.04147 0.1 0 0 7 7 -0 -0 0 0 -2.6868e+154 4.76176e-311 0 0
100 802 2.6475 4.9765 6.04147 0.1 0 0 7 7 -0 0.0266735 0 0 4.89544e-311 2.68156e+154 0 0
